-0.0104166666667
-0.00862068965517
-0.0049504950495
-0.00384615384615
-0.00537634408602
-0.0078125
-0.00531914893617
-0.00357142857143
-0.00333333333333
-0.00347222222222
-0.00367647058824
-0.00431034482759
-0.00381679389313
-0.00328947368421
-0.00406504065041
-0.00446428571429
-0.00396825396825
-0.00409836065574
-0.00480769230769
-0.0054347826087
-0.00657894736842
-0.00746268656716
-0.00431034482759
-0.00292397660819
-0.00320512820513
-0.00423728813559
-0.00413223140496
-0.00438596491228
-0.00505050505051
-0.0036231884058
-0.00328947368421
-0.00471698113208
-0.00490196078431
-0.00373134328358
-0.00373134328358
-0.00471698113208
-0.00531914893617
-0.00438596491228
-0.00396825396825
-0.00352112676056
-0.00347222222222
-0.005
-0.00675675675676
-0.00555555555556
-0.00462962962963
-0.00462962962963
-0.00471698113208
-0.00480769230769
-0.00555555555556
-0.00490196078431
-0.00367647058824
-0.00409836065574
-0.00657894736842
-0.0078125
-0.00423728813559
-0.00268817204301
-0.00213675213675
-0.00198412698413
-0.00252525252525
-0.00333333333333
-0.00328947368421
-0.00316455696203
-0.00324675324675
-0.00378787878788
-0.00510204081633
-0.00454545454545
-0.00337837837838
-0.00384615384615
-0.00367647058824
-0.00260416666667
-0.00257731958763
-0.00352112676056
-0.00403225806452
-0.00301204819277
-0.00231481481481
-0.00219298245614
-0.00229357798165
-0.00221238938053
-0.00240384615385
-0.00308641975309
-0.0030487804878
-0.00235849056604
-0.00193798449612
-0.00170068027211
-0.00128865979381
-0.000980392156863
-0.0010101010101
-0.00145772594752
-0.00168918918919
-0.00135135135135
-0.00102669404517
-0.000978473581213
-0.00106609808102
-0.0010752688172
-0.00102249488753
-0.000925925925926
-0.000829187396352
-0.000834724540902
-0.00089928057554
-0.000915750915751
-0.000886524822695
-0.000838926174497
-0.000797448165869
-0.000786163522013
-0.000788643533123
-0.000770416024653
-0.000755287009063
-0.000759878419453
-0.000744047619048
-0.000696378830084
-0.000657894736842
-0.000668449197861
-0.000716332378223
-0.000722543352601
-0.000663129973475
-0.000599520383693
-0.00057273768614
-0.000575373993096
-0.000591016548463
-0.000595238095238
-0.000544662309368
-0.000502512562814
-0.000504032258065
-0.000492125984252
-0.000473933649289
-0.00049115913556
-0.000505050505051
-0.000494071146245
-0.000493096646943
-0.000494071146245
-0.000490196078431
-0.00049850448654
-0.000503018108652
-0.000479846449136
-0.000440528634361
-0.00042735042735
-0.000465549348231
-0.000504032258065
-0.000499001996008
-0.000503524672709
-0.000507099391481
-0.00045045045045
-0.000428082191781
-0.000415282392027
-0.000398089171975
-0.000375939849624
-0.000382848392037
-0.000403225806452
-0.000394321766562
-0.000374812593703
-0.000366568914956
-0.000367647058824
-0.000359712230216
-0.000336021505376
-0.000316856780735
-0.000310559006211
-0.000303766707169
-0.000293083235639
-0.000287026406429
-0.000290023201856
-0.000297265160523
-0.000294117647059
-0.000278396436526
-0.000271444082519
-0.000279642058166
-0.00027808676307
-0.0002691065662
-0.000272925764192
-0.000283125707814
-0.000285388127854
-0.000276243093923
-0.000262881177708
-0.000257731958763
-0.000258799171843
-0.000259875259875
-0.000261780104712
-0.000261233019854
-0.00025826446281
-0.000259067357513
-0.000261780104712
-0.00025826446281
-0.000246791707799
-0.000236742424242
-0.000237191650854
-0.000238549618321
-0.000230627306273
-0.000223413762288
-0.00022143489814
-0.000221631205674
-0.000220458553792
-0.000218531468531
-0.000218914185639
-0.000219106047327
-0.000218340611354
-0.000217013888889
-0.000212765957447
-0.000201288244767
-0.000204918032787
-0.00020366598778
-0.000200481154771
-0.000198491464867
-0.000197083169097
-0.000196155355041
-0.000195007800312
-0.000191497510532
-0.000188893086513
-0.000190041809198
-0.000189035916824
-0.000186011904762
-0.000184706316956
-0.000181752090149
-0.000176616036736
-0.000173852573018
-0.000171998624011
-0.000168520390967
-0.000165234633179
-0.000161864681127
-0.000158027812895
-0.000155763239875
-0.000156201187129
-0.000157084511467
-0.00015762925599
-0.000157977883096
-0.000156739811912
-0.000154894671623
-0.00015455950541
-0.000155183116077
-0.000155183116077
-0.000151194436045
-0.000145560407569
-0.000144216902221
-0.000145391102065
-0.000145645208273
-0.00014450867052
-0.000141602945341
-0.000138236107271
-0.000136724090785
-0.000134734572891
-0.000132100396301
-0.000130650640188
-0.0001295672454
-0.00012909888975
-0.000129466597618
-0.000129032258065
-0.000127000254001
-0.000125407574618
-0.000125156445557
-0.000124688279302
-0.00012156576708
-0.000118595825427
-0.000114863312658
-0.000116063138347
-0.000113584734212
-0.000113895216401
-0.000115848007414
-0.000116604477612
-0.000115101289134
-0.000112764997745
-0.000111408199643
-0.000110570544007
-0.000110472823685
-0.000111557340473
-0.000112007168459
-0.000110277900309
-0.000108554059922
-0.000107204116638
-0.000104558762024
-0.000103691414351
-0.00010395010395
-0.000101667344449
1.30001980198e-05
1.28352673366e-05
1.26909036342e-05
1.27525481005e-05
1.30174492561e-05
1.3043951748e-05
1.30196072963e-05
1.27760736196e-05
1.2527007417e-05
1.24340700406e-05
1.22740336445e-05
1.21823708207e-05
1.21992025602e-05
1.20828051948e-05
1.18661192431e-05
1.16530969906e-05
1.16111249813e-05
1.16485944781e-05
1.15200753445e-05
1.13088829399e-05
1.12026622938e-05
1.11657104286e-05
1.11497090927e-05
1.11225926991e-05
1.1022023612e-05
1.09884807856e-05
1.10571001566e-05
1.09593457502e-05
1.08643678161e-05
1.07602921338e-05
1.06855662951e-05
1.0711686624e-05
1.0808146592e-05
1.07749383233e-05
1.07245030351e-05
1.04849349826e-05
1.07598818824e-05
1.07195870084e-05
1.0689910671e-05
1.06604064535e-05
1.06516060794e-05
1.06513862706e-05
1.06426045016e-05
1.06479386076e-05
1.0760361911e-05
1.0979544431e-05
1.11356782713e-05
1.11873283546e-05
1.14137914242e-05
1.15807345807e-05
1.16262912902e-05
1.15289201019e-05
1.14584379771e-05
1.13905154235e-05
1.13623352073e-05
1.15035999801e-05
1.15105089456e-05
1.1434037524e-05
1.15023504379e-05
1.15745189911e-05
1.15830028187e-05
1.16097621965e-05
1.17500506227e-05
1.19430835735e-05
1.19521486643e-05
1.18390781102e-05
1.1811918775e-05
1.17954025327e-05
1.16506263022e-05
1.15335287105e-05
1.15229885057e-05
1.16303555723e-05
1.17149189463e-05
1.16901052206e-05
1.16591775427e-05
1.17635852355e-05
1.18013607869e-05
1.18459605027e-05
1.18227760382e-05
1.17804959356e-05
1.17403971813e-05
1.17709035695e-05
1.18125420396e-05
1.17159821107e-05
1.1593722133e-05
1.16256845985e-05
1.16878669276e-05
1.1583439816e-05
1.14948571429e-05
1.16083628705e-05
1.15604907913e-05
1.19495892457e-05
1.19290506363e-05
1.19441364606e-05
1.20947973447e-05
1.21516400108e-05
1.21441844087e-05
1.23857803723e-05
1.25677899687e-05
1.23953874233e-05
1.20427925503e-05
1.17777250435e-05
1.17835124509e-05
1.18721333894e-05
1.18000572678e-05
1.1493107105e-05
1.13323994645e-05
1.09977639752e-05
1.10911595354e-05
1.11379684954e-05
1.10851835622e-05
1.09200646326e-05
1.08224436459e-05
1.14124050398e-05
1.15638027453e-05
1.17069585253e-05
1.1680224658e-05
1.16871790292e-05
1.2147520864e-05
1.23320930233e-05
1.24183829304e-05
1.24795949019e-05
1.26246227738e-05
1.2835005291e-05
1.30010057411e-05
1.31236556924e-05
1.3279943101e-05
1.35768186424e-05
1.40027331321e-05
1.4303778588e-05
1.46479040667e-05
1.47880331263e-05
1.49004185989e-05
1.49937428896e-05
1.50649995944e-05
1.55596969327e-05
1.5939961829e-05
1.63224813735e-05
1.68649094912e-05
1.73948253239e-05
1.65343489508e-05
1.67595930233e-05
1.68561843641e-05
1.66321079839e-05
1.65411798233e-05
1.72134948443e-05
1.81693261297e-05
1.89837608135e-05
1.98704120187e-05
2.05204180286e-05
2.12192520939e-05
2.17991333285e-05
2.24115978346e-05
2.31260090107e-05
2.39785069729e-05
2.47035475531e-05
2.11178490757e-05
2.10472353943e-05
2.11606910946e-05
2.10248216306e-05
2.07864348622e-05
1.93853329045e-05
1.99065836093e-05
2.01789978334e-05
2.03932003295e-05
2.07195614937e-05
2.10716796786e-05
1.88105421549e-05
1.99217405164e-05
2.09069699093e-05
2.18645235104e-05
2.28430511271e-05
2.18365130357e-05
2.14602755237e-05
2.10984534214e-05
2.12511795726e-05
2.16836847727e-05
2.02346561209e-05
2.01612785001e-05
2.00128010907e-05
1.98257844247e-05
1.98995172998e-05
2.00776261586e-05
1.80892194667e-05
1.74372782973e-05
1.67405126411e-05
1.62762285576e-05
1.59652967405e-05
1.47096835356e-05
1.41263334532e-05
1.36317852009e-05
1.31883530482e-05
1.26747935442e-05
1.21458792194e-05
1.48120058615e-05
1.47827672977e-05
1.47350497367e-05
1.4791106222e-05
1.47934797006e-05
1.49158835664e-05
1.49677167113e-05
1.58166169383e-05
1.61935299497e-05
1.6455100656e-05
1.54267018217e-05
1.55306713331e-05
1.57138559012e-05
1.58866566908e-05
1.603801151e-05
1.62939916906e-05
1.62368539833e-05
1.63204571947e-05
1.63563809091e-05
1.64035868612e-05
1.64061201299e-05
1.61710238952e-05
1.59704975852e-05
1.5907234798e-05
1.57431557441e-05
1.55040776458e-05
1.53800536177e-05
1.52625341562e-05
1.5083965512e-05
1.47767688573e-05
1.43726695349e-05
1.40602018227e-05
1.41771658061e-05
1.41052013182e-05
1.39162502839e-05
1.3790530806e-05
1.37119165139e-05
1.284108299e-05
1.25945011893e-05
1.24485128436e-05
1.23177237111e-05
1.21653428571e-05
1.20255225428e-05
1.22392380952e-05
1.1929636631e-05
1.15873902634e-05
1.12911164466e-05
1.09995760916e-05
1.26199045603e-05
1.27241223497e-05
1.25573259622e-05
1.1853250478e-05
1.08728709875e-05
1.1383029824e-05
1.10157308598e-05
1.07948963497e-05
1.07456621764e-05
1.07969490032e-05
1.08289046071e-05
1.158557849e-05
1.16503420909e-05
1.15051049425e-05
1.18590310218e-05
1.18136658103e-05
1.22365724283e-05
1.21384853767e-05
1.20667320496e-05
1.2014919806e-05
1.19955807381e-05
1.19761325905e-05
1.21222192704e-05
1.21927081126e-05
1.2144538979e-05
1.20048273926e-05
1.18995780237e-05
1.18435846238e-05
1.17802015528e-05
1.17056395001e-05
1.17443100697e-05
1.18302129767e-05
1.17353783347e-05
1.16278847236e-05
1.15005786795e-05
1.14531136958e-05
1.14225101485e-05
1.13610218331e-05
1.13872257435e-05
1.15131814908e-05
1.16100443975e-05
1.15965747452e-05
1.14806742721e-05
1.1381108045e-05
1.13997752074e-05
1.13981009495e-05
1.1356543097e-05
1.13376454258e-05
1.13528565675e-05
1.13458306399e-05
1.12271994752e-05
1.11733880155e-05
1.12371756186e-05
1.13159117305e-05
1.13528933184e-05
1.12654670441e-05
1.12049758259e-05
1.12283114257e-05
1.12861942578e-05
1.12640065313e-05
1.12756489854e-05
1.13407951052e-05
1.13962007338e-05
1.13988268057e-05
1.13613549703e-05
1.13777620229e-05
1.14235208485e-05
1.14746061639e-05
1.11940058714e-05
1.14501212176e-05
1.14790749563e-05
1.15447055605e-05
1.14881710646e-05
1.13764755481e-05
1.14023965867e-05
1.16064052127e-05
1.16950644841e-05
1.16829737103e-05
1.17089981649e-05
1.17531643592e-05
1.17538326763e-05
1.16518991302e-05
1.16586778416e-05
1.16783743734e-05
1.17346643794e-05
1.1799743754e-05
1.18744070477e-05
1.19573059361e-05
1.20364475202e-05
1.20025398291e-05
1.18998161765e-05
1.18713759779e-05
1.18941725405e-05
1.19096481876e-05
1.19365452409e-05
1.19412360689e-05
1.18557604774e-05
1.19169247341e-05
1.19339344928e-05
1.19853663528e-05
1.19599036457e-05
1.19458033573e-05
1.14352559206e-05
1.15153124447e-05
1.15634900634e-05
1.15071301571e-05
1.14118944337e-05
1.13858285125e-05
1.08588404283e-05
1.05793335603e-05
1.0423541521e-05
1.04518726363e-05
1.06033448425e-05
1.25577073104e-05
1.327999703e-05
1.39162652834e-05
1.39265437439e-05
1.33239116653e-05
1.2459994952e-05
1.35206735176e-05
1.31826980551e-05
1.29466990506e-05
1.24763917225e-05
1.27345453033e-05
1.211430222e-05
1.23644918183e-05
1.26901592935e-05
1.29846732648e-05
1.31213228225e-05
1.37603219556e-05
1.38247230496e-05
1.37570424791e-05
1.35504846186e-05
1.35186019581e-05
1.35848008986e-05
1.34474774296e-05
1.35496698679e-05
1.36703130077e-05
1.35444520872e-05
1.34546621044e-05
1.35677163145e-05
1.37874950534e-05
1.41891683487e-05
1.4689291598e-05
1.51559769248e-05
1.54483952724e-05
1.60362224423e-05
1.68275428134e-05
1.78674299663e-05
1.88127582724e-05
1.97085111161e-05
2.07563745155e-05
2.20556017798e-05
2.35901429734e-05
2.5182993e-05
2.71217725364e-05
2.95478397332e-05
3.27667682927e-05
3.63774429721e-05
4.07186927927e-05
4.74012326169e-05
5.39096797409e-05
5.65216650899e-05
6.47829963035e-05
8.55866935484e-05
0.000104542151675
0.000121345238095
0.000160218261585
0.00024125300207
0.000351656174334
0.000384881063123
0.000330032
0.000336248271889
0.000277435260392
0.000238487613543
0.000284014829461
0.000335982951205
0.000306443126685
0.000260894230769
0.000243975043029
0.000285817122594
0.000282398390342
0.00016487987013
0.000125772420009
0.000125333108715
0.000126482539683
0.000123689662822
0.000126796633303
0.000143683084064
0.000169273345702
0.000207866641337
0.000289301587302
0.000549753521127
0.000582228144989
0.000485380357143
0.000596248351648
0.000466046471601
0.000488703435805
0.00053518452381
0.00051164
0.000472193121693
0.000377448373409
0.000322007869249
0.0003182484994
0.000337019770408
0.000278420168067
0.000363105769231
0.00059779138322
0.00056057782516
0.000681028571429
0.000732767507003
0.000524653923541
0.000476021978022
0.000415831460674
0.000376411078717
0.000450855400697
0.000595019585253
0.000603480093677
0.00047094047619
0.000441619621343
0.000451549382716
0.000554584415584
0.000889235191638
0.000756556547619
0.00050237202381
0.000493518590998
0.000542826226013
0.000682622641509
0.000506882293763
0.000340936054422
0.000374820300752
0.000491910714286
0.000541453463203
0.000618829813665
0.000932355263158
0.0011958062954
0.000590303721489
0.000325365371955
0.000341386962552
0.000518867724868
0.000677364771151
0.000583949579832
0.00055170861678
0.000629677922078
0.000518901181525
0.000358141369048
0.000430895777179
0.00057362785114
0.000319990610329
0.000273503155479
0.000350755522828
0.000402312764159
0.000411728138528
0.00044085340803
0.000508949134199
0.000506909090909
0.000378651785714
0.000390431932773
0.000612075396825
0.000811898954704
0.000552476190476
0.000489026455026
0.000547833333333
0.000427852474323
0.000309004739336
0.000327638190955
0.000379069767442
0.000410062893082
0.000525806451613
0.000465536231884
0.000389188744589
0.000345098310292
0.00045828877551
0.000697093167702
0.000408310282075
0.00033169924812
0.000495511811024
0.000502697142857
0.00035853877551
0.000409486461251
0.000587821768707
0.000615448571429
0.00062620845481
0.000728476190476
0.000598191876751
0.000412694151486
0.000363030431107
0.000389890809827
0.000462678571429
0.000597394957983
0.0004221875
0.000411430528376
0.000589183473389
0.000518315270936
0.000353837815126
0.000362531841652
0.000486885245902
0.000362195121951
0.000341379310345
0.000436764705882
0.000401351351351
0.000349411764706
0.000299228862974
0.000301739322533
0.000417328571429
0.00053994973545
0.000619182370821
0.000552371967655
0.000310949848024
0.000267732634338
0.000309962006079
0.000303020833333
0.000291881924198
0.000276270457698
0.000358320072333
0.000521457671958
0.000400144897959
0.00046435952381
0.00056054
0.0005811875
0.000631068181818
0.000232243697479
0.000208386363636
0.000390517102616
0.000433302455357
0.00045468852459
0.000396294897959
0.000426850549451
0.000566325072886
0.000421463736264
0.000333407665505
0.000373749510763
0.000349076923077
0.00028602406015
0.000263753434066
0.000303492063492
0.000503670634921
0.000475125313283
0.000269660714286
0.000219048780488
0.000218784552846
0.00022031147541
0.0003050625
0.000432467741935
0.000608647727273
0.000338095238095
0.000236836283186
0.000377963525836
0.000736954365079
0.000498382749326
0.000304815270936
0.000406912087912
0.000399691558442
0.000365416666667
0.000709198841699
0.00100651098901
0.000554817629179
0.000318816827344
0.000278394777266
0.000264593406593
0.000254504950495
0.000248976648352
0.000277926267281
0.000416140552995
0.000338872180451
0.000276428571429
0.000317408289242
0.000371869565217
0.000289355125101
0.00022818622449
0.000281831886346
0.000379921108742
0.000378816326531
0.00028263081862
0.000277535911602
0.000353237424547
0.000397503401361
0.000531723404255
0.000470301886792
0.000316700636943
0.000214683982684
0.000214121212121
0.000315474067334
0.000310571428571
0.00025776065819
0.00033390281827
0.000604137566138
0.000413445520581
0.000257343915344
0.000228723719677
0.000307903548681
0.000419063354037
0.000343169387755
0.000318134342479
0.000357247334755
0.000441703703704
0.000300866184448
0.000296060714286
0.000481658892128
0.000551837209302
0.000342485507246
0.000290543209877
0.000349798507463
0.000388983333333
0.000517034920635
0.000331583673469
0.000326128772636
0.000513320634921
0.000343936034115
0.000310373333333
0.000335881987578
0.000288421428571
0.000267111295681
0.000215749326146
0.000239655639098
0.000317625
0.000227715
0.000222294117647
0.000278722222222
0.000368508196721
0.00029902952381
0.00021937394958
0.000245330455259
0.000365147540984
0.000419300539084
0.000319585714286
0.000268746987952
0.000218049019608
0.0002112
0.000197419642857
0.00020412962963
0.000261210084034
0.000263490646259
0.000245150793651
0.000338368131868
0.000456755952381
0.000380854636591
0.000296616438356
0.000201843791722
0.000187318012422
0.000219243440233
0.000223230654762
0.000238698412698
0.000261419860627
0.000192702702703
0.000215591630592
0.000373634085213
0.000459080745342
0.000340383640553
0.000204755894591
0.000253926850258
0.000353983193277
0.000259627329193
0.000213265306122
0.000227173913043
0.000311940298507
0.000387037037037
0.000238857142857
0.000175957264957
0.000165350230415
0.000150700052715
0.000210738712065
0.000512726943942
0.000641978021978
0.000491241496599
0.00040396039604
0.000274392614189
0.000214362519201
0.000200036258158
0.000167406493506
0.000148580758017
0.000200978451716
0.000546892307692
0.000354756132756
0.000242337837838
0.000325467889908
0.000389844444444
0.000262848484848
0.000186445652174
0.000182048780488
0.000138146788991
0.000119590551181
0.0001595625
0.000177563218391
0.000162270833333
0.000175043290043
0.000236689189189
0.00033397574124
0.00019232718894
0.000192256838906
0.000443494897959
0.000520634920635
0.000294670758929
0.000179009433962
0.000151516439909
0.000145979040265
0.000147084717608
0.000145927750411
0.000194042784627
0.000254077578051
0.00016385106383
0.000163169834457
0.00031643452381
0.000321404358354
0.00020586568323
0.000217430213465
0.000218350574713
0.000154909836066
0.000175714953271
0.000317016949153
0.000265807142857
0.000168263636364
0.000233795535714
0.000717406593407
0.000600048387097
0.000261273641851
0.000177878434066
0.000187326530612
0.000247641891892
0.000277166666667
0.000280930769231
0.0002848125
0.000219485370052
0.000242154285714
0.000248025440313
0.000196197204969
0.000195591614907
0.000252657947686
0.000206569767442
0.000161077922078
0.00026775974026
0.00035970845481
0.00023439047619
0.00016347129506
0.000196272070626
0.000311517857143
0.000200250410509
0.000177536443149
0.000206849489796
0.000246655102041
0.000325595687332
0.00017965922619
0.000140146341463
0.000167269070735
0.000204083193277
0.000345177142857
0.000451859022556
0.000533825892857
0.000459303088803
0.000187172413793
0.000141740147783
0.000146900126422
0.000164289915966
0.000181886328725
0.000187618524333
0.000219383458647
0.000177670212766
0.000140578631453
0.000146988721805
0.00016139010989
0.000183333333333
0.000181318681319
0.000222972972973
0.0002578125
0.000181318681319
0.000160893917963
0.000147103425986
0.000135496428571
0.000136674069628
0.000138458358663
0.000204698113208
0.000273716727717
0.00015757494722
0.000142636479592
0.000282419721871
0.000455375510204
0.000386155052265
0.000213135135135
0.000184842857143
0.000265276029056
0.000167644393241
0.000136233082707
0.000204328007519
0.000369183673469
0.000315969387755
0.000266539408867
0.000200468460111
0.000134872246696
0.000115723484848
0.00013489380531
0.000241436507937
0.000326408602151
0.000167091554854
0.000169646869984
0.000170343018563
0.000121388248848
9.36381842457e-05
0.000100038095238
0.000157671957672
0.000193506493506
0.000212857142857
0.000141904761905
0.000135454545455
0.00019397556391
0.000231071428571
0.000221417910448
0.000240023041475
0.000339269480519
0.000356530612245
0.000302979166667
0.000172744047619
0.000140563106796
0.000177245398773
0.000160144444444
0.000171464919696
0.000180355357143
0.000138154532967
0.000143077142857
0.00017589329806
0.000183907894737
0.000164544537815
0.000194382936508
0.000205953781513
0.000233569047619
0.000222594104308
0.000146886597938
0.000126924107143
0.000112563492063
0.000111421259843
8.93544303797e-05
8.26764455782e-05
0.00011953817734
0.000118318070818
0.000103909774436
0.000117921245421
0.000120407453416
9.51433497537e-05
0.000104126623377
0.000127977970628
0.000116603174603
0.0001105
0.000111178861789
0.000125458715596
0.000140979381443
0.000122098214286
0.000145478723404
0.000274806122449
0.000161843373494
0.000105515748031
0.000106944
0.000119066964286
0.000182232876712
0.000169385531136
0.000115528822055
0.000123853773585
0.000163583928571
0.000165125678119
0.000115093552465
0.000140961180124
0.000281114906832
0.000379239495798
0.000200890625
0.000188602941176
0.000171
9.94186046512e-05
9.03169014085e-05
0.00012825
0.00021375
0.000156103658537
0.0001064
0.000121870813397
0.000168251655629
0.000119533018868
0.000123297560976
0.000190992424242
0.000193430769231
0.000166099337748
0.000163503267974
0.000186201492537
0.000218298245614
0.000314189873418
0.00024756
0.00018426119403
0.000165275167785
0.00012623956044
0.000137679169992
0.000167839650146
0.000177699897225
0.000137378571429
0.000118894230769
0.000146649659864
0.000145232459848
0.000138143664245
0.000154168173599
0.000142739495798
0.000142556302521
0.000169342657343
0.000133687450671
0.000111939153439
0.000173815005139
0.000262680124224
0.000151273214286
0.000161605714286
0.000418586206897
0.000552616883117
0.000276730519481
0.000265102484472
0.00022205974026
0.000126754996299
0.000115570080863
0.000148715151515
0.000207624697337
0.000170807192807
0.000107748419722
0.000123232777375
0.00019518202765
0.000150784821429
0.000123292307692
0.000162982507289
0.000227379591837
0.000250434586466
0.000311943609023
0.000209137800253
0.000123990977444
8.44748201439e-05
6.86501885212e-05
8.9066521265e-05
0.000104539253539
9.75901937046e-05
0.000104838794233
0.000107992517007
0.000130825581395
0.000129964285714
0.000155428571429
0.00022866909621
0.000183913348946
0.00019038377724
0.000212199460916
0.000155958333333
0.000177795918367
0.000228026239067
0.000174147321429
0.000185292857143
0.000205555555556
0.000217647058824
0.000241304347826
0.000226530612245
0.0002775
0.000258139534884
0.000143977736549
0.000147631428571
0.000212662087912
0.000181057377049
0.000172352678571
0.000172135044643
0.000134179442509
0.00012075588697
9.79897959184e-05
0.000107460084034
0.000182416666667
0.000173361678005
0.000184721549637
0.000146964285714
9.95609436435e-05
0.000117705745342
0.000168357142857
0.000194809090909
0.000142055238095
0.000109214285714
0.000121073891626
0.000116574603175
0.000143467710372
0.000174242857143
0.000141027027027
0.000168023041475
0.000155219616205
0.000157501082251
0.000170334894614
0.000125129948365
0.000167437788018
0.000171512396694
0.000111390168971
0.000122320371936
0.000182528445006
0.00016731126597
9.96740638003e-05
8.16841206602e-05
0.000102049751244
0.000161584926884
0.000118673823287
0.000114747805267
0.000216306766917
0.000309575757576
0.000175017241379
0.000102918367347
0.000102255102041
0.000123677018634
0.000127939170507
0.000131956190476
0.000191808599168
0.000203290132548
0.000178927272727
0.000153525669643
0.000163838095238
0.000258813909774
9.93896103896e-05
8.20351190476e-05
0.00017587244898
0.000265364864865
0.000150410989011
0.000112542526837
0.000130988416988
0.000136898682877
0.00012831047619
0.000141450630252
0.00012093081761
0.000133463293651
0.00016999494311
0.000117074041812
0.000107865168539
0.000107865168539
8.49557522124e-05
8.13559322034e-05
8.34782608696e-05
8.20036630037e-05
0.000104755659641
0.000134871227364
0.00014068487395
0.000114458511548
0.000102741935484
0.000153251428571
0.000243074141049
0.000291655844156
0.000169260651629
9.08081824279e-05
8.46654135338e-05
0.00010025
9.89293078056e-05
0.000115280550775
0.000140300420168
0.00016415270936
0.000121943223443
9.04979591837e-05
0.000139602941176
0.000243172161172
0.000148020089286
9.26022408964e-05
8.18919254658e-05
8.2365914787e-05
8.14074534161e-05
8.40900900901e-05
0.000101324534161
0.00015027764977
0.000133036734694
0.000100085253456
0.000102233908948
0.000122279135338
0.000115875
0.000135982142857
0.000139751082251
0.000126032289628
0.000173153638814
0.000199090062112
0.000147412442396
0.000132188405797
0.000144482993197
0.00011952443609
0.000139540659341
0.000164742857143
0.000133111344538
0.000132974789916
0.000129042857143
0.000147919203747
0.000152697336562
0.000128503061224
0.000109527874564
9.43932330827e-05
0.000127906122449
0.000137476923077
0.000131138655462
0.000134831168831
0.000121647749511
0.000113611721612
8.94285714286e-05
9.04358600583e-05
8.61359223301e-05
9.75965463108e-05
0.000104594957983
7.11988571429e-05
7.59120879121e-05
0.000118175238095
0.000127260020555
0.000126085714286
0.000177927849928
0.000190940993789
0.00018432481203
0.000256693277311
0.000202318936877
0.000133413186813
0.000110884615385
9.60484126984e-05
0.00010666313933
0.000176225947522
0.000227116541353
0.000143763095238
0.000128443496802
0.000130037878788
0.000182112462006
0.00025106092437
0.000181124620061
0.000151711734694
0.000128584415584
0.000100920068027
0.000104543209877
9.45107741421e-05
9.49341894061e-05
0.00012314181439
0.000101461273666
0.000125482942431
0.000167868571429
0.000106069620253
8.37185714286e-05
8.36721428571e-05
0.00011224928092
0.000133726857143
8.39526202441e-05
6.52025669643e-05
9.46818181818e-05
0.000139799519808
0.000143174876847
0.000135905152225
0.000143935403727
0.000174387969925
0.000121061522419
0.000131777777778
0.000195559663866
0.000256017582418
0.000173386904762
0.000154035714286
0.000210462929476
0.000186711075441
0.000128744186047
0.000130668166479
0.000181952904239
0.000206507142857
0.0001753556231
0.000164462857143
0.000164091428571
0.000143921052632
0.000149238961039
9.89492254733e-05
9.78265306122e-05
0.000134788056206
9.45205254516e-05
9.55656146179e-05
6.96101694915e-05
5.33075139147e-05
6.67049941928e-05
0.000128126116071
0.000744207792208
0.000340514880952
0.000101980357143
9.93231707317e-05
0.00011783436853
9.31346469622e-05
8.67265745008e-05
9.44521008403e-05
0.000153678571429
0.000162329446064
0.000108520547945
0.000104053571429
0.000148946091644
0.000246256696429
0.000145671957672
0.000122693080357
0.000140454081633
0.000112628571429
8.684144427e-05
0.000111565392354
0.000176438095238
0.0001151873706
0.00011681302521
0.000162013119534
0.000165291666667
0.000180212662338
0.000152381868132
0.000136298029557
0.000171450310559
0.000148455525606
0.000137711779449
0.000139839285714
0.000129892857143
0.000124953917051
0.000126241217799
0.000141746031746
0.000149173669468
9.20304878049e-05
8.76352941176e-05
0.000111386363636
8.33793103448e-05
7.82131147541e-05
0.000111165354331
0.000173553791887
0.00014905775076
9.975e-05
7.32556390977e-05
6.66929945055e-05
9.76378269618e-05
0.00015436031746
0.000120002463054
6.97407142857e-05
6.18407079646e-05
6.58061703555e-05
7.21297376093e-05
0.000142581428571
0.000159765079365
8.78761904762e-05
8.45103220479e-05
8.97134146341e-05
8.17490134175e-05
8.96394148021e-05
0.000108432712215
8.85134453782e-05
8.88033613445e-05
0.000137157142857
0.000117796875
9.53716094033e-05
8.50815173527e-05
7.2356456044e-05
6.87214611872e-05
9.40625e-05
9.77272727273e-05
6.80995475113e-05
6.74887892377e-05
8.37358339984e-05
0.000119092571429
0.000164271428571
9.35177434031e-05
7.4388483965e-05
0.000135121495327
0.000132064814815
0.000104985074627
0.000126118181818
9.84028776978e-05
9.84160583942e-05
8.40575022462e-05
6.73248730964e-05
6.71472303207e-05
6.21843537415e-05
8.52406015038e-05
0.000120483311081
9.0021978022e-05
6.27052264808e-05
6.72041884817e-05
0.000110495073892
0.000124288488211
8.4405075188e-05
7.74543889845e-05
7.66981292517e-05
8.7250965251e-05
0.0001011015625
6.65204081633e-05
4.01463414634e-05
4.2082278481e-05
6.64752475248e-05
4.70763888889e-05
2.89309927361e-05
1.55034013605e-05
7.02183150183e-06
3.7360062281e-06
2.20168606249e-06
1.06443834889e-06
6.59842032967e-07
5.8160752199e-07
7.50631521142e-07
1.43742285112e-06
4.08316908047e-06
8.96973684211e-05
