#values from pxlambdatest.py before feeding to response
#wavelengths intensity
194.992857143 48.0
195.457142857 58.0
195.921428571 101.0
196.385714286 130.0
196.85 93.0
197.314285714 64.0
197.778571429 94.0
198.242857143 140.0
198.707142857 150.0
199.171428571 144.0
199.635714286 136.0
200.1 116.0
200.564285714 131.0
201.028571429 152.0
201.492857143 123.0
201.957142857 112.0
202.421428571 126.0
202.885714286 122.0
203.35 104.0
203.814285714 92.0
204.278571429 76.0
204.742857143 67.0
205.207142857 116.0
205.671428571 171.0
206.135714286 156.0
206.6 118.0
207.064285714 121.0
207.528571429 114.0
207.992857143 99.0
208.457142857 138.0
208.921428571 152.0
209.385714286 106.0
209.85 102.0
210.314285714 134.0
210.778571429 134.0
211.242857143 106.0
211.707142857 94.0
212.171428571 114.0
212.635714286 126.0
213.1 142.0
213.564285714 144.0
214.028571429 100.0
214.492857143 74.0
214.957142857 90.0
215.421428571 108.0
215.885714286 108.0
216.35 106.0
216.814285714 104.0
217.278571429 90.0
217.742857143 102.0
218.207142857 136.0
218.671428571 122.0
219.135714286 76.0
219.6 64.0
220.064285714 118.0
220.528571429 186.0
220.992857143 234.0
221.457142857 252.0
221.921428571 198.0
222.385714286 150.0
222.85 152.0
223.314285714 158.0
223.778571429 154.0
224.242857143 132.0
224.707142857 98.0
225.171428571 110.0
225.635714286 148.0
226.1 130.0
226.564285714 136.0
227.028571429 192.0
227.492857143 194.0
227.957142857 142.0
228.421428571 124.0
228.885714286 166.0
229.35 216.0
229.814285714 228.0
230.278571429 218.0
230.742857143 226.0
231.207142857 208.0
231.671428571 162.0
232.135714286 164.0
232.6 212.0
233.064285714 258.0
233.528571429 294.0
233.992857143 388.0
234.457142857 510.0
234.921428571 495.0
235.385714286 343.0
235.85 296.0
236.314285714 370.0
236.778571429 487.0
237.242857143 511.0
237.707142857 469.0
238.171428571 465.0
238.635714286 489.0
239.1 540.0
239.564285714 603.0
240.028571429 599.0
240.492857143 556.0
240.957142857 546.0
241.421428571 564.0
241.885714286 596.0
242.35 627.0
242.814285714 636.0
243.278571429 634.0
243.742857143 649.0
244.207142857 662.0
244.671428571 658.0
245.135714286 672.0
245.6 718.0
246.064285714 760.0
246.528571429 748.0
246.992857143 698.0
247.457142857 692.0
247.921428571 754.0
248.385714286 834.0
248.85 873.0
249.314285714 869.0
249.778571429 846.0
250.242857143 840.0
250.707142857 918.0
251.171428571 995.0
251.635714286 992.0
252.1 1016.0
252.564285714 1055.0
253.028571429 1018.0
253.492857143 990.0
253.957142857 1012.0
254.421428571 1014.0
254.885714286 1012.0
255.35 1020.0
255.814285714 1003.0
256.278571429 994.0
256.742857143 1042.0
257.207142857 1135.0
257.671428571 1170.0
258.135714286 1074.0
258.6 992.0
259.064285714 1002.0
259.528571429 993.0
259.992857143 986.0
260.457142857 1110.0
260.921428571 1168.0
261.385714286 1204.0
261.85 1256.0
262.314285714 1330.0
262.778571429 1306.0
263.242857143 1240.0
263.707142857 1268.0
264.171428571 1334.0
264.635714286 1364.0
265.1 1360.0
265.564285714 1390.0
266.028571429 1488.0
266.492857143 1578.0
266.957142857 1610.0
267.421428571 1646.0
267.885714286 1706.0
268.35 1742.0
268.814285714 1724.0
269.278571429 1682.0
269.742857143 1700.0
270.207142857 1796.0
270.671428571 1842.0
271.135714286 1788.0
271.6 1798.0
272.064285714 1858.0
272.528571429 1832.0
272.992857143 1766.0
273.457142857 1752.0
273.921428571 1810.0
274.385714286 1902.0
274.85 1940.0
275.314285714 1932.0
275.778571429 1924.0
276.242857143 1910.0
276.707142857 1914.0
277.171428571 1936.0
277.635714286 1930.0
278.1 1910.0
278.564285714 1936.0
279.028571429 2026.0
279.492857143 2112.0
279.957142857 2108.0
280.421428571 2096.0
280.885714286 2168.0
281.35 2238.0
281.814285714 2258.0
282.278571429 2256.0
282.742857143 2268.0
283.207142857 2288.0
283.671428571 2284.0
284.135714286 2282.0
284.6 2290.0
285.064285714 2304.0
285.528571429 2350.0
285.992857143 2484.0
286.457142857 2440.0
286.921428571 2455.0
287.385714286 2494.0
287.85 2519.0
288.314285714 2537.0
288.778571429 2549.0
289.242857143 2564.0
289.707142857 2611.0
290.171428571 2647.0
290.635714286 2631.0
291.1 2645.0
291.564285714 2688.0
292.028571429 2707.0
292.492857143 2751.0
292.957142857 2831.0
293.421428571 2876.0
293.885714286 2907.0
294.35 2967.0
294.814285714 3026.0
295.278571429 3089.0
295.742857143 3164.0
296.207142857 3210.0
296.671428571 3201.0
297.135714286 3183.0
297.6 3172.0
298.064285714 3165.0
298.528571429 3190.0
298.992857143 3228.0
299.457142857 3235.0
299.921428571 3222.0
300.385714286 3222.0
300.85 3307.0
301.314285714 3435.0
301.778571429 3467.0
302.242857143 3439.0
302.707142857 3433.0
303.171428571 3460.0
303.635714286 3531.0
304.1 3617.0
304.564285714 3657.0
305.028571429 3711.0
305.492857143 3785.0
305.957142857 3827.0
306.421428571 3859.0
306.885714286 3873.0
307.35 3862.0
307.814285714 3875.0
308.278571429 3937.0
308.742857143 3987.0
309.207142857 3995.0
309.671428571 4010.0
310.135714286 4113.0
310.6 4216.0
311.064285714 4353.0
311.528571429 4308.0
311.992857143 4402.0
312.457142857 4390.0
312.921428571 4316.0
313.385714286 4288.0
313.85 4344.0
314.314285714 4434.0
314.778571429 4488.0
315.242857143 4522.0
315.707142857 4526.0
316.171428571 4482.0
316.635714286 4464.0
317.1 4534.0
317.564285714 4606.0
318.028571429 4664.0
318.492857143 4782.0
318.957142857 4822.0
319.421428571 4810.0
319.885714286 4918.0
320.35 5050.0
320.814285714 5146.0
321.278571429 5236.0
321.742857143 5242.0
322.207142857 5166.0
322.671428571 5116.0
323.135714286 5122.0
323.6 5216.0
324.064285714 5316.0
324.528571429 5352.0
324.992857143 5418.0
325.457142857 5452.0
325.921428571 5446.0
326.385714286 5500.0
326.85 5602.0
327.314285714 5706.0
327.778571429 5722.0
328.242857143 5702.0
328.707142857 5764.0
329.171428571 5870.0
329.635714286 5924.0
330.1 5926.0
330.564285714 5942.0
331.028571429 5964.0
331.492857143 6026.0
331.957142857 6052.0
332.421428571 6022.0
332.885714286 6044.0
333.35 6090.0
333.814285714 6142.0
334.278571429 6178.0
334.742857143 6156.0
335.207142857 6120.0
335.671428571 6138.0
336.135714286 6166.0
336.6 6306.0
337.064285714 6144.0
337.528571429 6171.0
337.992857143 6189.0
338.457142857 6207.0
338.921428571 6213.0
339.385714286 6214.0
339.85 6220.0
340.314285714 6199.0
340.778571429 6142.0
341.242857143 6027.0
341.707142857 5950.0
342.171428571 5930.0
342.635714286 5867.0
343.1 5772.0
343.564285714 5739.0
344.028571429 5777.0
344.492857143 5802.0
344.957142857 5826.0
345.421428571 5819.0
345.885714286 5754.0
346.35 5757.0
346.814285714 5802.0
347.278571429 5774.0
347.742857143 5732.0
348.207142857 5727.0
348.671428571 5713.0
349.135714286 5644.0
349.6 5552.0
350.064285714 5535.0
350.528571429 5591.0
350.992857143 5607.0
351.457142857 5618.0
351.921428571 5691.0
352.385714286 5752.0
352.85 5742.0
353.314285714 5685.0
353.778571429 5640.0
354.242857143 5648.0
354.707142857 5659.0
355.171428571 5639.0
355.635714286 5606.0
356.1 5570.0
356.564285714 5566.0
357.028571429 5571.0
357.492857143 5575.0
357.957142857 5551.0
358.421428571 5522.0
358.885714286 5558.0
359.35 5607.0
359.814285714 5582.0
360.278571429 5548.0
360.742857143 5590.0
361.207142857 5625.0
361.671428571 5562.0
362.135714286 5577.0
362.6 5356.0
363.064285714 5366.0
363.528571429 5360.0
363.992857143 5294.0
364.457142857 5270.0
364.921428571 5274.0
365.385714286 5188.0
365.85 5104.0
366.314285714 5166.0
366.778571429 5308.0
367.242857143 5418.0
367.707142857 5450.0
368.171428571 5432.0
368.635714286 5488.0
369.1 5658.0
369.564285714 5762.0
370.028571429 5750.0
370.492857143 5756.0
370.957142857 5786.0
371.421428571 5868.0
371.885714286 6012.0
372.35 6122.0
372.814285714 6168.0
373.278571429 6182.0
373.742857143 6200.0
374.207142857 6308.0
374.671428571 6398.0
375.135714286 6402.0
375.6 6450.0
376.064285714 6548.0
376.528571429 6658.0
376.992857143 6722.0
377.457142857 6750.0
377.921428571 6818.0
378.385714286 6934.0
378.85 7030.0
379.314285714 7050.0
379.778571429 7004.0
380.242857143 6896.0
380.707142857 6850.0
381.171428571 6900.0
381.635714286 6962.0
382.1 7032.0
382.564285714 7044.0
383.028571429 7014.0
383.492857143 7036.0
383.957142857 7056.0
384.421428571 7008.0
384.885714286 6968.0
385.35 6958.0
385.814285714 6880.0
386.278571429 6856.0
386.742857143 6964.0
387.207142857 7018.0
387.671428571 7135.0
388.135714286 6822.0
388.6 6589.0
389.064285714 6352.0
389.528571429 6206.0
389.992857143 6055.0
390.457142857 5967.0
390.921428571 6043.0
391.385714286 6088.0
391.85 6095.0
392.314285714 6133.0
392.778571429 6198.0
393.242857143 6206.0
393.707142857 6160.0
394.171428571 6187.0
394.635714286 6245.0
395.1 6218.0
395.564285714 6169.0
396.028571429 6198.0
396.492857143 6244.0
396.957142857 6255.0
397.421428571 6258.0
397.885714286 6266.0
398.35 6274.0
398.814285714 6319.0
399.278571429 6368.0
399.742857143 6407.0
400.207142857 6537.0
400.671428571 6813.0
401.135714286 7094.0
401.6 7206.0
402.064285714 7222.0
402.528571429 7297.0
402.992857143 7406.0
403.457142857 7544.0
403.921428571 7699.0
404.385714286 7754.0
404.85 7768.0
405.314285714 7817.0
405.778571429 7974.0
406.242857143 8165.0
406.707142857 8253.0
407.171428571 8266.0
407.635714286 8288.0
408.1 8343.0
408.564285714 8348.0
409.028571429 8321.0
409.492857143 8338.0
409.957142857 8367.0
410.421428571 8384.0
410.885714286 8459.0
411.35 8545.0
411.814285714 8571.0
412.278571429 8628.0
412.742857143 8726.0
413.207142857 8952.0
413.671428571 8714.0
414.135714286 8748.0
414.6 8842.0
415.064285714 8940.0
415.528571429 8980.0
415.992857143 8974.0
416.457142857 8974.0
416.921428571 8986.0
417.385714286 8940.0
417.85 8862.0
418.314285714 8824.0
418.778571429 8812.0
419.242857143 8794.0
419.707142857 8800.0
420.171428571 8896.0
420.635714286 8992.0
421.1 9012.0
421.564285714 9090.0
422.028571429 9214.0
422.492857143 9272.0
422.957142857 9306.0
423.421428571 9378.0
423.885714286 9534.0
424.35 9762.0
424.814285714 9938.0
425.278571429 9960.0
425.742857143 9970.0
426.207142857 10064.0
426.671428571 10114.0
427.135714286 10130.0
427.6 10194.0
428.064285714 10210.0
428.528571429 10144.0
428.992857143 10064.0
429.457142857 10000.0
429.921428571 9924.0
430.385714286 9750.0
430.85 9522.0
431.314285714 9308.0
431.778571429 9044.0
432.242857143 8762.0
432.707142857 8502.0
433.171428571 8220.0
433.635714286 8114.0
434.1 8368.0
434.564285714 8874.0
435.028571429 9398.0
435.492857143 9826.0
435.957142857 10144.0
436.421428571 10308.0
436.885714286 10376.0
437.35 10462.0
437.814285714 10520.0
438.278571429 10440.0
438.742857143 10550.0
439.207142857 10214.0
439.671428571 10232.0
440.135714286 10288.0
440.6 10326.0
441.064285714 10342.0
441.528571429 10341.0
441.992857143 10312.0
442.457142857 10283.0
442.921428571 10217.0
443.385714286 10113.0
443.85 10108.0
444.314285714 10180.0
444.778571429 10224.0
445.242857143 10231.0
445.707142857 10249.0
446.171428571 10277.0
446.635714286 10206.0
447.1 10095.0
447.564285714 10078.0
448.028571429 10152.0
448.492857143 10245.0
448.957142857 10268.0
449.421428571 10276.0
449.885714286 10312.0
450.35 10255.0
450.814285714 10117.0
451.278571429 10007.0
451.742857143 9993.0
452.207142857 10068.0
452.671428571 10095.0
453.135714286 10041.0
453.6 10005.0
454.064285714 10004.0
454.528571429 9983.0
454.992857143 9932.0
455.457142857 9945.0
455.921428571 10017.0
456.385714286 10032.0
456.85 9942.0
457.314285714 9840.0
457.778571429 9833.0
458.242857143 9892.0
458.707142857 9928.0
459.171428571 9890.0
459.635714286 9822.0
460.1 9799.0
460.564285714 9779.0
461.028571429 9713.0
461.492857143 9656.0
461.957142857 9644.0
462.421428571 9666.0
462.885714286 9672.0
463.35 9617.0
463.814285714 9558.0
464.278571429 9781.0
464.742857143 9546.0
465.207142857 9476.0
465.671428571 9398.0
466.135714286 9420.0
466.6 9488.0
467.064285714 9442.0
467.528571429 9296.0
467.992857143 9216.0
468.457142857 9216.0
468.921428571 9186.0
469.385714286 9142.0
469.85 9132.0
470.314285714 9132.0
470.778571429 9102.0
471.242857143 9062.0
471.707142857 8994.0
472.171428571 8920.0
472.635714286 8854.0
473.1 8760.0
473.564285714 8670.0
474.028571429 8662.0
474.492857143 8704.0
474.957142857 8692.0
475.421428571 8634.0
475.885714286 8576.0
476.35 8510.0
476.814285714 8460.0
477.278571429 8474.0
477.742857143 8488.0
478.207142857 8444.0
478.671428571 8376.0
479.135714286 8362.0
479.6 8340.0
480.064285714 8228.0
480.528571429 8070.0
480.992857143 7936.0
481.457142857 7874.0
481.921428571 7838.0
482.385714286 7754.0
482.85 7658.0
483.314285714 7554.0
483.778571429 7356.0
484.242857143 7026.0
484.707142857 6620.0
485.171428571 6226.0
485.635714286 5772.0
486.1 5398.0
486.564285714 5284.0
487.028571429 5408.0
487.492857143 5660.0
487.957142857 5922.0
488.421428571 6214.0
488.885714286 6470.0
489.35 6862.0
489.814285714 6868.0
490.278571429 6924.0
490.742857143 6862.0
491.207142857 6762.0
491.671428571 6683.0
492.135714286 6687.0
492.6 6709.0
493.064285714 6667.0
493.528571429 6689.0
493.992857143 6780.0
494.457142857 6785.0
494.921428571 6741.0
495.385714286 6725.0
495.85 6664.0
496.314285714 6595.0
496.778571429 6646.0
497.242857143 6680.0
497.707142857 6619.0
498.171428571 6498.0
498.635714286 6299.0
499.1 6070.0
499.564285714 5869.0
500.028571429 5693.0
500.492857143 5482.0
500.957142857 5222.0
501.421428571 4916.0
501.885714286 4667.0
502.35 4453.0
502.814285714 4202.0
503.278571429 3949.0
503.742857143 3687.0
504.207142857 3449.0
504.671428571 3198.0
505.135714286 2913.0
505.6 2624.0
506.064285714 2361.0
506.528571429 2107.0
506.992857143 1808.0
507.457142857 1588.0
507.921428571 1510.0
508.385714286 1314.0
508.85 992.0
509.314285714 810.0
509.778571429 696.0
510.242857143 521.0
510.707142857 345.0
511.171428571 236.0
511.635714286 215.0
512.1 250.0
512.564285714 248.0
513.028571429 299.0
513.492857143 346.0
513.957142857 289.0
514.421428571 243.0
514.885714286 265.0
515.35 312.0
515.814285714 332.0
516.278571429 282.0
516.742857143 284.0
517.207142857 484.0
517.671428571 634.0
518.135714286 636.0
518.6 630.0
519.064285714 644.0
519.528571429 628.0
519.992857143 554.0
520.457142857 462.0
520.921428571 376.0
521.385714286 270.0
521.85 142.0
522.314285714 134.0
522.778571429 160.0
523.242857143 130.0
523.707142857 166.0
524.171428571 158.0
524.635714286 144.0
525.1 150.0
525.564285714 162.0
526.028571429 202.0
526.492857143 236.0
526.957142857 238.0
527.421428571 224.0
527.885714286 272.0
528.35 208.0
528.814285714 126.0
529.278571429 134.0
529.742857143 110.0
530.207142857 102.0
530.671428571 142.0
531.135714286 156.0
531.6 178.0
532.064285714 196.0
532.528571429 164.0
532.992857143 124.0
533.457142857 122.0
533.921428571 156.0
534.385714286 166.0
534.85 162.0
535.314285714 132.0
535.778571429 82.0
536.242857143 96.0
536.707142857 144.0
537.171428571 146.0
537.635714286 134.0
538.1 106.0
538.564285714 142.0
539.028571429 210.0
539.492857143 190.0
539.957142857 144.0
540.421428571 132.0
540.885714286 115.0
541.35 76.0
541.814285714 59.0
542.278571429 119.0
542.742857143 217.0
543.207142857 206.0
543.671428571 135.0
544.135714286 103.0
544.6 119.0
545.064285714 126.0
545.528571429 110.0
545.992857143 133.0
546.457142857 192.0
546.921428571 159.0
547.385714286 119.0
547.85 213.0
548.314285714 249.0
548.778571429 194.0
549.242857143 169.0
549.707142857 165.0
550.171428571 153.0
550.635714286 132.0
551.1 132.0
551.564285714 176.0
552.028571429 170.0
552.492857143 108.0
552.957142857 82.0
553.421428571 120.0
553.885714286 135.0
554.35 120.0
554.814285714 153.0
555.278571429 211.0
555.742857143 199.0
556.207142857 172.0
556.671428571 159.0
557.135714286 124.0
557.6 138.0
558.064285714 165.0
558.528571429 186.0
558.992857143 140.0
559.457142857 92.0
559.921428571 157.0
560.385714286 190.0
560.85 127.0
561.314285714 125.0
561.778571429 175.0
562.242857143 153.0
562.707142857 105.0
563.171428571 100.0
563.635714286 98.0
564.1 84.0
564.564285714 102.0
565.028571429 149.0
565.492857143 169.0
565.957142857 157.0
566.421428571 132.0
566.885714286 102.0
567.35 144.0
567.814285714 146.0
568.278571429 102.0
568.742857143 116.0
569.207142857 170.0
569.671428571 166.0
570.135714286 122.0
570.6 164.0
571.064285714 174.0
571.528571429 136.0
571.992857143 148.0
572.457142857 170.0
572.921428571 196.0
573.385714286 194.0
573.85 140.0
574.314285714 108.0
574.778571429 94.0
575.242857143 106.0
575.707142857 188.0
576.171428571 218.0
576.635714286 188.0
577.1 192.0
577.564285714 196.0
578.028571429 206.0
578.492857143 158.0
578.957142857 108.0
579.421428571 140.0
579.885714286 120.0
580.35 100.0
580.814285714 96.0
581.278571429 88.0
581.742857143 238.0
582.207142857 264.0
582.671428571 142.0
583.135714286 128.0
583.6 122.0
584.064285714 140.0
584.528571429 130.0
584.992857143 98.0
585.457142857 130.0
585.921428571 164.0
586.385714286 146.0
586.85 156.0
587.314285714 190.0
587.778571429 208.0
588.242857143 180.0
588.707142857 108.0
589.171428571 114.0
589.635714286 200.0
590.1 246.0
590.564285714 246.0
591.028571429 244.0
591.492857143 176.0
591.957142857 124.0
592.421428571 88.0
592.885714286 159.0
593.35 226.0
593.814285714 141.0
594.278571429 72.0
594.742857143 106.0
595.207142857 174.0
595.671428571 130.0
596.135714286 132.0
596.6 144.0
597.064285714 74.0
597.528571429 52.0
597.992857143 94.0
598.457142857 163.0
598.921428571 186.0
599.385714286 195.0
599.85 202.0
600.314285714 208.0
600.778571429 186.0
601.242857143 124.0
601.707142857 152.0
602.171428571 186.0
602.635714286 162.0
603.1 138.0
603.564285714 177.0
604.028571429 224.0
604.492857143 181.0
604.957142857 134.0
605.421428571 133.0
605.885714286 178.0
606.35 181.0
606.814285714 142.0
607.278571429 126.0
607.742857143 94.0
608.207142857 106.0
608.671428571 157.0
609.135714286 231.0
609.6 231.0
610.064285714 157.0
610.528571429 159.0
610.992857143 191.0
611.457142857 147.0
611.921428571 81.0
612.385714286 118.0
612.85 189.0
613.314285714 212.0
613.778571429 157.0
614.242857143 115.0
614.707142857 140.0
615.171428571 151.0
615.635714286 134.0
616.1 108.0
616.564285714 158.0
617.028571429 160.0
617.492857143 98.0
617.957142857 86.0
618.421428571 138.0
618.885714286 162.0
619.35 134.0
619.814285714 120.0
620.278571429 90.0
620.742857143 140.0
621.207142857 142.0
621.671428571 90.0
622.135714286 134.0
622.6 150.0
623.064285714 138.0
623.528571429 160.0
623.992857143 172.0
624.457142857 212.0
624.921428571 190.0
625.385714286 144.0
625.85 200.0
626.314285714 204.0
626.778571429 162.0
627.242857143 122.0
627.707142857 150.0
628.171428571 204.0
628.635714286 182.0
629.1 122.0
629.564285714 106.0
630.028571429 140.0
630.492857143 166.0
630.957142857 204.0
631.421428571 210.0
631.885714286 224.0
632.35 216.0
632.814285714 170.0
633.278571429 168.0
633.742857143 180.0
634.207142857 130.0
634.671428571 96.0
635.135714286 114.0
635.6 146.0
636.064285714 214.0
636.528571429 230.0
636.992857143 196.0
637.457142857 192.0
637.921428571 180.0
638.385714286 164.0
638.85 222.0
639.314285714 198.0
639.778571429 114.0
640.242857143 92.0
640.707142857 124.0
641.171428571 206.0
641.635714286 166.0
642.1 119.0
642.564285714 161.0
643.028571429 196.0
643.492857143 184.0
643.957142857 134.0
644.421428571 108.0
644.885714286 175.0
645.35 234.0
645.814285714 248.0
646.278571429 271.0
646.742857143 193.0
647.207142857 79.0
647.671428571 65.0
648.135714286 84.0
648.6 101.0
649.064285714 147.0
649.528571429 186.0
649.992857143 197.0
650.457142857 220.0
650.921428571 245.0
651.385714286 179.0
651.85 65.0
652.314285714 99.0
652.778571429 148.0
653.242857143 109.0
653.707142857 90.0
654.171428571 132.0
654.635714286 184.0
655.1 164.0
655.564285714 218.0
656.028571429 254.0
656.492857143 192.0
656.957142857 174.0
657.421428571 192.0
657.885714286 198.0
658.35 148.0
658.814285714 106.0
659.278571429 186.0
659.742857143 188.0
660.207142857 84.0
660.671428571 72.0
661.135714286 128.0
661.6 212.0
662.064285714 252.0
662.528571429 259.0
662.992857143 258.0
663.457142857 261.0
663.921428571 197.0
664.385714286 151.0
664.85 235.0
665.314285714 233.0
665.778571429 120.0
666.242857143 118.0
666.707142857 184.0
667.171428571 174.0
667.635714286 174.0
668.1 244.0
668.564285714 214.0
669.028571429 118.0
669.492857143 140.0
669.957142857 220.0
670.421428571 160.0
670.885714286 52.0
671.35 62.0
671.814285714 142.0
672.278571429 208.0
672.742857143 196.0
673.207142857 148.0
673.671428571 132.0
674.135714286 130.0
674.6 128.0
675.064285714 166.0
675.528571429 150.0
675.992857143 146.0
676.457142857 184.0
676.921428571 184.0
677.385714286 142.0
677.85 172.0
678.314285714 220.0
678.778571429 132.0
679.242857143 98.0
679.707142857 150.0
680.171428571 214.0
680.635714286 178.0
681.1 112.0
681.564285714 174.0
682.028571429 196.0
682.492857143 168.0
682.957142857 140.0
683.421428571 106.0
683.885714286 192.0
684.35 246.0
684.814285714 206.0
685.278571429 170.0
685.742857143 100.0
686.207142857 76.0
686.671428571 64.0
687.135714286 74.0
687.6 174.0
688.064285714 232.0
688.528571429 226.0
688.992857143 204.0
689.457142857 186.0
689.921428571 182.0
690.385714286 152.0
690.85 188.0
691.314285714 238.0
691.778571429 228.0
692.242857143 208.0
692.707142857 180.0
693.171428571 182.0
693.635714286 148.0
694.1 128.0
694.564285714 182.0
695.028571429 202.0
695.492857143 221.0
695.957142857 240.0
696.421428571 238.0
696.885714286 235.0
697.35 159.0
697.814285714 117.0
698.278571429 203.0
698.742857143 224.0
699.207142857 113.0
699.671428571 70.0
700.135714286 82.0
700.6 148.0
701.064285714 170.0
701.528571429 118.0
701.992857143 186.0
702.457142857 228.0
702.921428571 152.0
703.385714286 84.0
703.85 98.0
704.314285714 116.0
704.778571429 154.0
705.242857143 227.0
705.707142857 264.0
706.171428571 226.0
706.635714286 126.0
707.1 93.0
707.564285714 181.0
708.028571429 178.0
708.492857143 177.0
708.957142857 248.0
709.421428571 321.0
709.885714286 300.0
710.35 189.0
710.814285714 154.0
711.278571429 140.0
711.742857143 210.0
712.207142857 220.0
712.671428571 152.0
713.135714286 128.0
713.6 134.0
714.064285714 124.0
714.528571429 88.0
714.992857143 84.0
715.457142857 96.0
715.921428571 168.0
716.385714286 206.0
716.85 163.0
717.314285714 180.0
717.778571429 169.0
718.242857143 160.0
718.707142857 208.0
719.171428571 200.0
719.635714286 162.0
720.1 152.0
720.564285714 170.0
721.028571429 144.0
721.492857143 136.0
721.957142857 120.0
722.421428571 126.0
722.885714286 194.0
723.35 224.0
723.814285714 252.0
724.278571429 254.0
724.742857143 316.0
725.207142857 336.0
725.671428571 232.0
726.135714286 234.0
726.6 266.0
727.064285714 234.0
727.528571429 230.0
727.992857143 290.0
728.457142857 264.0
728.921428571 214.0
729.385714286 234.0
729.85 246.0
730.314285714 246.0
730.778571429 218.0
731.242857143 194.0
731.707142857 224.0
732.171428571 188.0
732.635714286 98.0
733.1 166.0
733.564285714 254.0
734.028571429 250.0
734.492857143 224.0
734.957142857 146.0
735.421428571 156.0
735.885714286 228.0
736.35 212.0
736.814285714 160.0
737.278571429 158.0
737.742857143 226.0
738.207142857 184.0
738.671428571 92.0
739.135714286 68.0
739.6 128.0
740.064285714 136.0
740.528571429 150.0
740.992857143 258.0
741.457142857 284.0
741.921428571 200.0
742.385714286 120.0
742.85 164.0
743.314285714 240.0
743.778571429 209.0
744.242857143 151.0
744.707142857 212.0
745.171428571 205.0
745.635714286 132.0
746.1 130.0
746.564285714 151.0
747.028571429 153.0
747.492857143 134.0
747.957142857 114.0
748.421428571 79.0
748.885714286 100.0
749.35 134.0
749.814285714 149.0
750.278571429 195.0
750.742857143 179.0
751.207142857 147.0
751.671428571 139.0
752.135714286 180.0
752.6 208.0
753.064285714 168.0
753.528571429 169.0
753.992857143 177.0
754.457142857 158.0
754.921428571 170.0
755.385714286 170.0
755.85 143.0
756.314285714 181.0
756.778571429 216.0
757.242857143 139.0
757.707142857 92.0
758.171428571 160.0
758.635714286 150.0
759.1 58.0
759.564285714 44.0
760.028571429 88.0
760.492857143 92.0
760.957142857 110.0
761.421428571 193.0
761.885714286 212.0
762.35 165.0
762.814285714 118.0
763.278571429 143.0
763.742857143 226.0
764.207142857 197.0
764.671428571 124.0
765.135714286 160.0
765.6 195.0
766.064285714 147.0
766.528571429 105.0
766.992857143 95.0
767.457142857 76.0
767.921428571 113.0
768.385714286 190.0
768.85 278.0
769.314285714 341.0
769.778571429 262.0
770.242857143 222.0
770.707142857 236.0
771.171428571 218.0
771.635714286 210.0
772.1 172.0
772.564285714 172.0
773.028571429 144.0
773.492857143 98.0
773.957142857 122.0
774.421428571 118.0
774.885714286 106.0
775.35 144.0
775.814285714 126.0
776.278571429 98.0
776.742857143 128.0
777.207142857 120.0
777.671428571 108.0
778.135714286 102.0
778.6 92.0
779.064285714 98.0
779.528571429 80.0
779.992857143 86.0
780.457142857 154.0
780.921428571 150.0
781.385714286 104.0
781.85 122.0
782.314285714 128.0
782.778571429 128.0
783.242857143 164.0
783.707142857 182.0
784.171428571 224.0
784.635714286 204.0
785.1 120.0
785.564285714 126.0
786.028571429 118.0
786.492857143 148.0
786.957142857 218.0
787.421428571 184.0
787.885714286 128.0
788.35 110.0
788.814285714 150.0
789.278571429 194.0
789.742857143 174.0
790.207142857 180.0
790.671428571 146.0
791.135714286 120.0
791.6 148.0
792.064285714 124.0
792.528571429 134.0
792.992857143 132.0
793.457142857 122.0
793.921428571 166.0
794.385714286 124.0
794.85 121.0
795.314285714 186.0
795.778571429 169.0
796.242857143 113.0
796.707142857 123.0
797.171428571 206.0
797.635714286 251.0
798.1 201.0
798.564285714 127.0
799.028571429 173.0
799.492857143 179.0
799.957142857 95.0
800.421428571 66.0
800.885714286 116.0
801.35 196.0
801.814285714 196.0
802.278571429 161.0
802.742857143 155.0
803.207142857 150.0
803.671428571 103.0
804.135714286 97.0
804.6 110.0
805.064285714 128.0
805.528571429 120.0
805.992857143 76.0
806.457142857 198.0
806.921428571 240.0
807.385714286 112.0
807.85 74.0
808.314285714 130.0
808.778571429 173.0
809.242857143 148.0
809.707142857 141.0
810.171428571 150.0
810.635714286 136.0
811.1 159.0
811.564285714 144.0
812.028571429 113.0
812.492857143 164.0
812.957142857 178.0
813.421428571 178.0
813.885714286 226.0
814.35 236.0
814.814285714 230.0
815.278571429 234.0
815.742857143 183.0
816.207142857 142.0
816.671428571 136.0
817.135714286 167.0
817.6 186.0
818.064285714 125.0
818.528571429 79.0
818.992857143 66.0
819.457142857 114.0
819.921428571 213.0
820.385714286 228.0
820.85 192.0
821.314285714 194.0
821.778571429 166.0
822.242857143 136.0
822.707142857 116.0
823.171428571 156.0
823.635714286 210.0
824.1 136.0
824.564285714 78.0
825.028571429 128.0
825.492857143 204.0
825.957142857 230.0
826.421428571 228.0
826.885714286 230.0
827.35 222.0
827.814285714 184.0
828.278571429 124.0
828.742857143 140.0
829.207142857 186.0
829.671428571 182.0
830.135714286 152.0
830.6 160.0
831.064285714 136.0
831.528571429 132.0
831.992857143 146.0
832.457142857 106.0
832.921428571 92.0
833.385714286 124.0
833.85 138.0
834.314285714 126.0
834.778571429 152.0
835.242857143 130.0
835.707142857 110.0
836.171428571 136.0
836.635714286 136.0
837.1 140.0
837.564285714 122.0
838.028571429 118.0
838.492857143 140.0
838.957142857 164.0
839.421428571 190.0
839.885714286 140.0
840.35 130.0
840.814285714 136.0
841.278571429 132.0
841.742857143 146.0
842.207142857 156.0
842.671428571 198.0
843.135714286 196.0
843.6 206.0
844.064285714 182.0
844.528571429 170.0
844.992857143 250.0
845.457142857 234.0
845.921428571 150.0
846.385714286 139.0
846.85 140.0
847.314285714 99.0
847.778571429 92.0
848.242857143 95.0
848.707142857 68.0
849.171428571 86.0
849.635714286 130.0
850.1 156.0
850.564285714 180.0
851.028571429 162.0
851.492857143 98.0
851.957142857 76.0
852.421428571 120.0
852.885714286 134.0
853.35 132.0
853.814285714 94.0
854.278571429 68.0
854.742857143 94.0
855.207142857 112.0
855.671428571 132.0
856.135714286 168.0
856.6 162.0
857.064285714 179.0
857.528571429 178.0
857.992857143 137.0
858.457142857 166.0
858.921428571 134.0
859.385714286 100.0
859.85 158.0
860.314285714 200.0
860.778571429 200.0
861.242857143 149.0
861.707142857 125.0
862.171428571 199.0
862.635714286 256.0
863.1 176.0
863.564285714 119.0
864.028571429 116.0
864.492857143 122.0
864.957142857 115.0
865.421428571 95.0
865.885714286 137.0
866.35 126.0
866.814285714 85.0
867.278571429 65.0
867.742857143 96.0
868.207142857 108.0
868.671428571 79.0
869.135714286 89.0
869.6 129.0
870.064285714 127.0
870.528571429 91.0
870.992857143 80.0
871.457142857 94.0
871.921428571 100.0
872.385714286 100.0
872.85 114.0
873.314285714 110.0
873.778571429 166.0
874.242857143 168.0
874.707142857 122.0
875.171428571 174.0
875.635714286 172.0
876.1 236.0
876.564285714 308.0
877.028571429 246.0
877.492857143 128.0
877.957142857 22.0
878.421428571 48.0
878.885714286 160.0
879.35 164.0
879.814285714 138.0
880.278571429 174.0
880.742857143 186.0
881.207142857 170.0
881.671428571 104.0
882.135714286 98.0
882.6 146.0
883.064285714 152.0
883.528571429 106.0
883.992857143 64.0
884.457142857 108.0
884.921428571 128.0
885.385714286 112.0
885.85 140.0
886.314285714 182.0
886.778571429 142.0
887.242857143 90.0
887.707142857 138.0
888.171428571 136.0
888.635714286 98.0
889.1 96.0
889.564285714 88.0
890.028571429 104.0
890.492857143 116.0
890.957142857 92.0
891.421428571 106.0
891.885714286 114.0
892.35 112.0
892.814285714 120.0
893.278571429 124.0
893.742857143 122.0
894.207142857 108.0
894.671428571 102.0
895.135714286 164.0
895.6 170.0
896.064285714 132.0
896.528571429 174.0
896.992857143 183.0
897.457142857 127.0
897.921428571 81.0
898.385714286 94.0
898.85 140.0
899.314285714 190.0
899.778571429 208.0
900.242857143 142.0
900.707142857 90.0
901.171428571 116.0
901.635714286 200.0
902.1 226.0
902.564285714 213.0
903.028571429 196.0
903.492857143 100.0
903.957142857 90.0
904.421428571 165.0
904.885714286 173.0
905.35 164.0
905.814285714 181.0
906.278571429 166.0
906.742857143 138.0
907.207142857 170.0
907.671428571 170.0
908.135714286 110.0
908.6 128.0
909.064285714 158.0
909.528571429 177.0
909.992857143 208.0
910.457142857 219.0
910.921428571 160.0
911.385714286 154.0
911.85 221.0
912.314285714 223.0
912.778571429 179.0
913.242857143 125.0
913.707142857 90.0
914.171428571 157.0
914.635714286 196.0
915.1 107.0
915.564285714 108.0
916.028571429 134.0
916.492857143 110.0
916.957142857 139.0
917.421428571 137.0
917.885714286 159.0
918.35 197.0
918.814285714 196.0
919.278571429 210.0
919.742857143 152.0
920.207142857 107.0
920.671428571 143.0
921.135714286 205.0
921.6 191.0
922.064285714 116.0
922.528571429 103.0
922.992857143 152.0
923.457142857 166.0
923.921428571 168.0
924.385714286 148.0
924.85 128.0
925.314285714 196.0
925.778571429 328.0
926.242857143 316.0
926.707142857 202.0
927.171428571 288.0
927.635714286 472.0
928.1 882.0
928.564285714 1950.0
929.028571429 3670.0
929.492857143 6236.0
929.957142857 12916.0
930.421428571 20800.0
930.885714286 23550.0
931.35 18210.0
931.814285714 9490.0
932.278571429 3334.0
932.742857143 304.0
