#num wavelengths adjustedND0 194.992857143 -1.0
1 195.457142857 -1.0
2 195.921428571 -1.0
3 196.385714286 -1.0
4 196.85 -1.0
5 197.314285714 -1.0
6 197.778571429 -1.0
7 198.242857143 -1.0
8 198.707142857 -1.0
9 199.171428571 -1.0
10 199.635714286 -1.0
11 200.1 -1.0
12 200.564285714 -1.0
13 201.028571429 -1.0
14 201.492857143 -1.0
15 201.957142857 -1.0
16 202.421428571 -1.0
17 202.885714286 -1.0
18 203.35 -1.0
19 203.814285714 -1.0
20 204.278571429 -1.0
21 204.742857143 -1.0
22 205.207142857 -1.0
23 205.671428571 -1.0
24 206.135714286 -1.0
25 206.6 -1.0
26 207.064285714 -1.0
27 207.528571429 -1.0
28 207.992857143 -1.0
29 208.457142857 -1.0
30 208.921428571 -1.0
31 209.385714286 -1.0
32 209.85 -1.0
33 210.314285714 -1.0
34 210.778571429 -1.0
35 211.242857143 -1.0
36 211.707142857 -1.0
37 212.171428571 -1.0
38 212.635714286 -1.0
39 213.1 -1.0
40 213.564285714 -1.0
41 214.028571429 -1.0
42 214.492857143 -1.0
43 214.957142857 -1.0
44 215.421428571 -1.0
45 215.885714286 -1.0
46 216.35 -1.0
47 216.814285714 -1.0
48 217.278571429 -1.0
49 217.742857143 -1.0
50 218.207142857 -1.0
51 218.671428571 -1.0
52 219.135714286 -1.0
53 219.6 -1.0
54 220.064285714 -1.0
55 220.528571429 -1.0
56 220.992857143 -1.0
57 221.457142857 -1.0
58 221.921428571 -1.0
59 222.385714286 -1.0
60 222.85 -1.0
61 223.314285714 -1.0
62 223.778571429 -1.0
63 224.242857143 -1.0
64 224.707142857 -1.0
65 225.171428571 -1.0
66 225.635714286 -1.0
67 226.1 -1.0
68 226.564285714 -1.0
69 227.028571429 -1.0
70 227.492857143 -1.0
71 227.957142857 -1.0
72 228.421428571 -1.0
73 228.885714286 -1.0
74 229.35 -1.0
75 229.814285714 -1.0
76 230.278571429 -1.0
77 230.742857143 -1.0
78 231.207142857 -1.0
79 231.671428571 -1.0
80 232.135714286 -1.0
81 232.6 -1.0
82 233.064285714 -1.0
83 233.528571429 -1.0
84 233.992857143 -1.0
85 234.457142857 -1.0
86 234.921428571 -1.0
87 235.385714286 -1.0
88 235.85 -1.0
89 236.314285714 -1.0
90 236.778571429 -1.0
91 237.242857143 -1.0
92 237.707142857 -1.0
93 238.171428571 -1.0
94 238.635714286 -1.0
95 239.1 -1.0
96 239.564285714 -1.0
97 240.028571429 -1.0
98 240.492857143 -1.0
99 240.957142857 -1.0
100 241.421428571 -1.0
101 241.885714286 -1.0
102 242.35 -1.0
103 242.814285714 -1.0
104 243.278571429 -1.0
105 243.742857143 -1.0
106 244.207142857 -1.0
107 244.671428571 -1.0
108 245.135714286 -1.0
109 245.6 -1.0
110 246.064285714 -1.0
111 246.528571429 -1.0
112 246.992857143 -1.0
113 247.457142857 -1.0
114 247.921428571 -1.0
115 248.385714286 -1.0
116 248.85 -1.0
117 249.314285714 -1.0
118 249.778571429 -1.0
119 250.242857143 -1.0
120 250.707142857 -1.0
121 251.171428571 -1.0
122 251.635714286 -1.0
123 252.1 -1.0
124 252.564285714 -1.0
125 253.028571429 -1.0
126 253.492857143 -1.0
127 253.957142857 -1.0
128 254.421428571 -1.0
129 254.885714286 -1.0
130 255.35 -1.0
131 255.814285714 -1.0
132 256.278571429 -1.0
133 256.742857143 -1.0
134 257.207142857 -1.0
135 257.671428571 -1.0
136 258.135714286 -1.0
137 258.6 -1.0
138 259.064285714 -1.0
139 259.528571429 -1.0
140 259.992857143 -1.0
141 260.457142857 -1.0
142 260.921428571 -1.0
143 261.385714286 -1.0
144 261.85 -1.0
145 262.314285714 -1.0
146 262.778571429 -1.0
147 263.242857143 -1.0
148 263.707142857 -1.0
149 264.171428571 -1.0
150 264.635714286 -1.0
151 265.1 -1.0
152 265.564285714 -1.0
153 266.028571429 -1.0
154 266.492857143 -1.0
155 266.957142857 -1.0
156 267.421428571 -1.0
157 267.885714286 -1.0
158 268.35 -1.0
159 268.814285714 -1.0
160 269.278571429 -1.0
161 269.742857143 -1.0
162 270.207142857 0.134188
163 270.671428571 0.134188
164 271.135714286 0.134039428571
165 271.6 0.134039428571
166 272.064285714 0.133890857143
167 272.528571429 0.133890857143
168 272.992857143 0.133890857143
169 273.457142857 0.133742285714
170 273.921428571 0.133742285714
171 274.385714286 0.133593714286
172 274.85 0.133593714286
173 275.314285714 0.133465714286
174 275.778571429 0.133465714286
175 276.242857143 0.133372857143
176 276.707142857 0.133372857143
177 277.171428571 0.13328
178 277.635714286 0.13328
179 278.1 0.133187142857
180 278.564285714 0.133187142857
181 279.028571429 0.133094285714
182 279.492857143 0.133094285714
183 279.957142857 0.133094285714
184 280.421428571 0.133001428571
185 280.885714286 0.133001428571
186 281.35 0.133
187 281.814285714 0.133
188 282.278571429 0.133
189 282.742857143 0.133
190 283.207142857 0.133
191 283.671428571 0.133
192 284.135714286 0.133
193 284.6 0.133
194 285.064285714 0.133
195 285.528571429 0.133
196 285.992857143 0.133
197 286.457142857 0.132966571429
198 286.921428571 0.132966571429
199 287.385714286 0.132910857143
200 287.85 0.132910857143
201 288.314285714 0.132855142857
202 288.778571429 0.132855142857
203 289.242857143 0.132799428571
204 289.707142857 0.132799428571
205 290.171428571 0.132743714286
206 290.635714286 0.132743714286
207 291.1 0.132696
208 291.564285714 0.132696
209 292.028571429 0.132677428571
210 292.492857143 0.132677428571
211 292.957142857 0.132677428571
212 293.421428571 0.132658857143
213 293.885714286 0.132658857143
214 294.35 0.132640285714
215 294.814285714 0.132640285714
216 295.278571429 0.132621714286
217 295.742857143 0.132621714286
218 296.207142857 0.132603142857
219 296.671428571 0.132603142857
220 297.135714286 0.132553714286
221 297.6 0.132553714286
222 298.064285714 0.132498
223 298.528571429 0.132498
224 298.992857143 0.132498
225 299.457142857 0.132442285714
226 299.921428571 0.132442285714
227 300.385714286 0.132386571429
228 300.85 0.132386571429
229 301.314285714 0.132330857143
230 301.778571429 0.132330857143
231 302.242857143 0.1323
232 302.707142857 0.1323
233 303.171428571 0.1323
234 303.635714286 0.1323
235 304.1 0.1323
236 304.564285714 0.1323
237 305.028571429 0.1323
238 305.492857143 0.1323
239 305.957142857 0.1323
240 306.421428571 0.1323
241 306.885714286 0.1323
242 307.35 0.132301142857
243 307.814285714 0.132301142857
244 308.278571429 0.132319714286
245 308.742857143 0.132319714286
246 309.207142857 0.132338285714
247 309.671428571 0.132338285714
248 310.135714286 0.132356857143
249 310.6 0.132356857143
250 311.064285714 0.132375428571
251 311.528571429 0.132375428571
252 311.992857143 0.132375428571
253 312.457142857 0.132394
254 312.921428571 0.132394
255 313.385714286 0.132450285714
256 313.85 0.132450285714
257 314.314285714 0.132524571429
258 314.778571429 0.132524571429
259 315.242857143 0.132598857143
260 315.707142857 0.132598857143
261 316.171428571 0.132673142857
262 316.635714286 0.132673142857
263 317.1 0.132747428571
264 317.564285714 0.132747428571
265 318.028571429 0.132794571429
266 318.492857143 0.132794571429
267 318.957142857 0.132794571429
268 319.421428571 0.132776
269 319.885714286 0.132776
270 320.35 0.132757428571
271 320.814285714 0.132757428571
272 321.278571429 0.132738857143
273 321.742857143 0.132738857143
274 322.207142857 0.132720285714
275 322.671428571 0.132720285714
276 323.135714286 0.132701714286
277 323.6 0.132701714286
278 324.064285714 0.1327
279 324.528571429 0.1327
280 324.992857143 0.1327
281 325.457142857 0.1327
282 325.921428571 0.1327
283 326.385714286 0.1327
284 326.85 0.1327
285 327.314285714 0.1327
286 327.778571429 0.1327
287 328.242857143 0.1327
288 328.707142857 0.1327
289 329.171428571 0.132690285714
290 329.635714286 0.132690285714
291 330.1 0.132671714286
292 330.564285714 0.132671714286
293 331.028571429 0.132653142857
294 331.492857143 0.132653142857
295 331.957142857 0.132653142857
296 332.421428571 0.132634571429
297 332.885714286 0.132634571429
298 333.35 0.132616
299 333.814285714 0.132616
300 334.278571429 0.132594857143
301 334.742857143 0.132594857143
302 335.207142857 0.132557714286
303 335.671428571 0.132557714286
304 336.135714286 0.132520571429
305 336.6 0.132520571429
306 337.064285714 0.132483428571
307 337.528571429 0.132483428571
308 337.992857143 0.132483428571
309 338.457142857 0.132446285714
310 338.921428571 0.132446285714
311 339.385714286 0.132409142857
312 339.85 0.132409142857
313 340.314285714 0.13233
314 340.778571429 0.13233
315 341.242857143 0.132237142857
316 341.707142857 0.132237142857
317 342.171428571 0.132144285714
318 342.635714286 0.132144285714
319 343.1 0.132051428571
320 343.564285714 0.132051428571
321 344.028571429 0.131958571429
322 344.492857143 0.131958571429
323 344.957142857 0.131958571429
324 345.421428571 0.131831428571
325 345.885714286 0.131831428571
326 346.35 0.131645714286
327 346.814285714 0.131645714286
328 347.278571429 0.13146
329 347.742857143 0.13146
330 348.207142857 0.131274285714
331 348.671428571 0.131274285714
332 349.135714286 0.131088571429
333 349.6 0.131088571429
334 350.064285714 0.130902857143
335 350.528571429 0.130902857143
336 350.992857143 0.130902857143
337 351.457142857 0.130698857143
338 351.921428571 0.130698857143
339 352.385714286 0.130494571429
340 352.85 0.130494571429
341 353.314285714 0.130290285714
342 353.778571429 0.130290285714
343 354.242857143 0.130086
344 354.707142857 0.130086
345 355.171428571 0.129881714286
346 355.635714286 0.129881714286
347 356.1 0.129688571429
348 356.564285714 0.129688571429
349 357.028571429 0.129502857143
350 357.492857143 0.129502857143
351 357.957142857 0.129502857143
352 358.421428571 0.129317142857
353 358.885714286 0.129317142857
354 359.35 0.129131428571
355 359.814285714 0.129131428571
356 360.278571429 0.128945714286
357 360.742857143 0.128945714286
358 361.207142857 0.128772
359 361.671428571 0.128772
360 362.135714286 0.128642
361 362.6 0.128642
362 363.064285714 0.128512
363 363.528571429 0.128512
364 363.992857143 0.128512
365 364.457142857 0.128382
366 364.921428571 0.128382
367 365.385714286 0.128252
368 365.85 0.128252
369 366.314285714 0.128122
370 366.778571429 0.128122
371 367.242857143 0.128115428571
372 367.707142857 0.128115428571
373 368.171428571 0.128134
374 368.635714286 0.128134
375 369.1 0.128152571429
376 369.564285714 0.128152571429
377 370.028571429 0.128171142857
378 370.492857143 0.128171142857
379 370.957142857 0.128171142857
380 371.421428571 0.128189714286
381 371.885714286 0.128189714286
382 372.35 0.128440285714
383 372.814285714 0.128440285714
384 373.278571429 0.128978857143
385 373.742857143 0.128978857143
386 374.207142857 0.129517428571
387 374.671428571 0.129517428571
388 375.135714286 0.130056
389 375.6 0.130056
390 376.064285714 0.130594571429
391 376.528571429 0.130594571429
392 376.992857143 0.130594571429
393 377.457142857 0.131193714286
394 377.921428571 0.131193714286
395 378.385714286 0.132716571429
396 378.85 0.132716571429
397 379.314285714 0.134239428571
398 379.778571429 0.134239428571
399 380.242857143 0.135762285714
400 380.707142857 0.135762285714
401 381.171428571 0.137285142857
402 381.635714286 0.137285142857
403 382.1 0.138808
404 382.564285714 0.138808
405 383.028571429 0.141210857143
406 383.492857143 0.141210857143
407 383.957142857 0.141210857143
408 384.421428571 0.144033714286
409 384.885714286 0.144033714286
410 385.35 0.146856571429
411 385.814285714 0.146856571429
412 386.278571429 0.149679428571
413 386.742857143 0.149679428571
414 387.207142857 0.152502285714
415 387.671428571 0.152502285714
416 388.135714286 0.155536857143
417 388.6 0.155536857143
418 389.064285714 0.159084
419 389.528571429 0.159084
420 389.992857143 0.159084
421 390.457142857 0.162631142857
422 390.921428571 0.162631142857
423 391.385714286 0.166178285714
424 391.85 0.166178285714
425 392.314285714 0.169725428571
426 392.778571429 0.169725428571
427 393.242857143 0.173272571429
428 393.707142857 0.173272571429
429 394.171428571 0.177291714286
430 394.635714286 0.177291714286
431 395.1 0.181358857143
432 395.564285714 0.181358857143
433 396.028571429 0.185426
434 396.492857143 0.185426
435 396.957142857 0.185426
436 397.421428571 0.189493142857
437 397.885714286 0.189493142857
438 398.35 0.193560285714
439 398.814285714 0.193560285714
440 399.278571429 0.197277714286
441 399.742857143 0.197277714286
442 400.207142857 0.200676285714
443 400.671428571 0.200676285714
444 401.135714286 0.204074857143
445 401.6 0.204074857143
446 402.064285714 0.207473428571
447 402.528571429 0.207473428571
448 402.992857143 0.207473428571
449 403.457142857 0.210872
450 403.921428571 0.210872
451 404.385714286 0.214208857143
452 404.85 0.214208857143
453 405.314285714 0.217161714286
454 405.778571429 0.217161714286
455 406.242857143 0.220114571429
456 406.707142857 0.220114571429
457 407.171428571 0.223067428571
458 407.635714286 0.223067428571
459 408.1 0.226020285714
460 408.564285714 0.226020285714
461 409.028571429 0.228973142857
462 409.492857143 0.228973142857
463 409.957142857 0.228973142857
464 410.421428571 0.231814
465 410.885714286 0.231814
466 411.35 0.234618285714
467 411.814285714 0.234618285714
468 412.278571429 0.237422571429
469 412.742857143 0.237422571429
470 413.207142857 0.240226857143
471 413.671428571 0.240226857143
472 414.135714286 0.243031142857
473 414.6 0.243031142857
474 415.064285714 0.245636571429
475 415.528571429 0.245636571429
476 415.992857143 0.245636571429
477 416.457142857 0.247902285714
478 416.921428571 0.247902285714
479 417.385714286 0.250168
480 417.85 0.250168
481 418.314285714 0.252433714286
482 418.778571429 0.252433714286
483 419.242857143 0.254699428571
484 419.707142857 0.254699428571
485 420.171428571 0.256965142857
486 420.635714286 0.256965142857
487 421.1 0.257932571429
488 421.564285714 0.257932571429
489 422.028571429 0.258879714286
490 422.492857143 0.258879714286
491 422.957142857 0.258879714286
492 423.421428571 0.259826857143
493 423.885714286 0.259826857143
494 424.35 0.260774
495 424.814285714 0.260774
496 425.278571429 0.261721142857
497 425.742857143 0.261721142857
498 426.207142857 0.261776857143
499 426.671428571 0.261776857143
500 427.135714286 0.261238285714
501 427.6 0.261238285714
502 428.064285714 0.260699714286
503 428.528571429 0.260699714286
504 428.992857143 0.260699714286
505 429.457142857 0.260161142857
506 429.921428571 0.260161142857
507 430.385714286 0.259622571429
508 430.85 0.259622571429
509 431.314285714 0.259412
510 431.778571429 0.259412
511 432.242857143 0.260396285714
512 432.707142857 0.260396285714
513 433.171428571 0.261380571429
514 433.635714286 0.261380571429
515 434.1 0.262364857143
516 434.564285714 0.262364857143
517 435.028571429 0.263349142857
518 435.492857143 0.263349142857
519 435.957142857 0.263349142857
520 436.421428571 0.264333428571
521 436.885714286 0.264333428571
522 437.35 0.267261714286
523 437.814285714 0.267261714286
524 438.278571429 0.270586
525 438.742857143 0.270586
526 439.207142857 0.273910285714
527 439.671428571 0.273910285714
528 440.135714286 0.277234571429
529 440.6 0.277234571429
530 441.064285714 0.280558857143
531 441.528571429 0.280558857143
532 441.992857143 0.280558857143
533 442.457142857 0.283452285714
534 442.921428571 0.283452285714
535 443.385714286 0.285810857143
536 443.85 0.285810857143
537 444.314285714 0.288169428571
538 444.778571429 0.288169428571
539 445.242857143 0.290528
540 445.707142857 0.290528
541 446.171428571 0.292886571429
542 446.635714286 0.292886571429
543 447.1 0.294996
544 447.564285714 0.294996
545 448.028571429 0.293306
546 448.492857143 0.293306
547 448.957142857 0.293306
548 449.421428571 0.291616
549 449.885714286 0.291616
550 450.35 0.289926
551 450.814285714 0.289926
552 451.278571429 0.288236
553 451.742857143 0.288236
554 452.207142857 0.286546
555 452.671428571 0.286546
556 453.135714286 0.282806857143
557 453.6 0.282806857143
558 454.064285714 0.278089714286
559 454.528571429 0.278089714286
560 454.992857143 0.278089714286
561 455.457142857 0.273372571429
562 455.921428571 0.273372571429
563 456.385714286 0.268655428571
564 456.85 0.268655428571
565 457.314285714 0.263938285714
566 457.778571429 0.263938285714
567 458.242857143 0.259850857143
568 458.707142857 0.259850857143
569 459.171428571 0.257288
570 459.635714286 0.257288
571 460.1 0.254725142857
572 460.564285714 0.254725142857
573 461.028571429 0.252162285714
574 461.492857143 0.252162285714
575 461.957142857 0.252162285714
576 462.421428571 0.249599428571
577 462.885714286 0.249599428571
578 463.35 0.247036571429
579 463.814285714 0.247036571429
580 464.278571429 0.248401428571
581 464.742857143 0.248401428571
582 465.207142857 0.250165714286
583 465.671428571 0.250165714286
584 466.135714286 0.25193
585 466.6 0.25193
586 467.064285714 0.253694285714
587 467.528571429 0.253694285714
588 467.992857143 0.253694285714
589 468.457142857 0.255458571429
590 468.921428571 0.255458571429
591 469.385714286 0.258155428571
592 469.85 0.258155428571
593 470.314285714 0.261702571429
594 470.778571429 0.261702571429
595 471.242857143 0.265249714286
596 471.707142857 0.265249714286
597 472.171428571 0.268796857143
598 472.635714286 0.268796857143
599 473.1 0.272344
600 473.564285714 0.272344
601 474.028571429 0.275713714286
602 474.492857143 0.275713714286
603 474.957142857 0.275713714286
604 475.421428571 0.277979428571
605 475.885714286 0.277979428571
606 476.35 0.280245142857
607 476.814285714 0.280245142857
608 477.278571429 0.282510857143
609 477.742857143 0.282510857143
610 478.207142857 0.284776571429
611 478.671428571 0.284776571429
612 479.135714286 0.287042285714
613 479.6 0.287042285714
614 480.064285714 0.287782
615 480.528571429 0.287782
616 480.992857143 0.287782
617 481.457142857 0.288023428571
618 481.921428571 0.288023428571
619 482.385714286 0.288264857143
620 482.85 0.288264857143
621 483.314285714 0.288506285714
622 483.778571429 0.288506285714
623 484.242857143 0.288747714286
624 484.707142857 0.288747714286
625 485.171428571 0.288646285714
626 485.635714286 0.288646285714
627 486.1 0.287959142857
628 486.564285714 0.287959142857
629 487.028571429 0.287272
630 487.492857143 0.287272
631 487.957142857 0.287272
632 488.421428571 0.286584857143
633 488.885714286 0.286584857143
634 489.35 0.285897714286
635 489.814285714 0.285897714286
636 490.278571429 0.285210571429
637 490.742857143 0.285210571429
638 491.207142857 0.284066285714
639 491.671428571 0.284066285714
640 492.135714286 0.282914857143
641 492.6 0.282914857143
642 493.064285714 0.281763428571
643 493.528571429 0.281763428571
644 493.992857143 0.281763428571
645 494.457142857 0.280612
646 494.921428571 0.280612
647 495.385714286 0.279460571429
648 495.85 0.279460571429
649 496.314285714 0.277194857143
650 496.778571429 0.277194857143
651 497.242857143 0.274186285714
652 497.707142857 0.274186285714
653 498.171428571 0.271177714286
654 498.635714286 0.271177714286
655 499.1 0.268169142857
656 499.564285714 0.268169142857
657 500.028571429 0.265160571429
658 500.492857143 0.265160571429
659 500.957142857 0.265160571429
660 501.421428571 0.261804
661 501.885714286 0.261804
662 502.35 0.257179714286
663 502.814285714 0.257179714286
664 503.278571429 0.252555428571
665 503.742857143 0.252555428571
666 504.207142857 0.247931142857
667 504.671428571 0.247931142857
668 505.135714286 0.243306857143
669 505.6 0.243306857143
670 506.064285714 0.238682571429
671 506.528571429 0.238682571429
672 506.992857143 0.238682571429
673 507.457142857 0.234675428571
674 507.921428571 0.234675428571
675 508.385714286 0.230794
676 508.85 0.230794
677 509.314285714 0.226912571429
678 509.778571429 0.226912571429
679 510.242857143 0.223031142857
680 510.707142857 0.223031142857
681 511.171428571 0.219149714286
682 511.635714286 0.219149714286
683 512.1 0.216734857143
684 512.564285714 0.216734857143
685 513.028571429 0.216140571429
686 513.492857143 0.216140571429
687 513.957142857 0.216140571429
688 514.421428571 0.215546285714
689 514.885714286 0.215546285714
690 515.35 0.214952
691 515.814285714 0.214952
692 516.278571429 0.214357714286
693 516.742857143 0.214357714286
694 517.207142857 0.213955428571
695 517.671428571 0.213955428571
696 518.135714286 0.216481142857
697 518.6 0.216481142857
698 519.064285714 0.219006857143
699 519.528571429 0.219006857143
700 519.992857143 0.219006857143
701 520.457142857 0.221532571429
702 520.921428571 0.221532571429
703 521.385714286 0.224058285714
704 521.85 0.224058285714
705 522.314285714 0.226584
706 522.778571429 0.226584
707 523.242857143 0.22916
708 523.707142857 0.22916
709 524.171428571 0.23176
710 524.635714286 0.23176
711 525.1 0.23436
712 525.564285714 0.23436
713 526.028571429 0.23696
714 526.492857143 0.23696
715 526.957142857 0.23696
716 527.421428571 0.23956
717 527.885714286 0.23956
718 528.35 0.241660571429
719 528.814285714 0.241660571429
720 529.278571429 0.242552
721 529.742857143 0.242552
722 530.207142857 0.243443428571
723 530.671428571 0.243443428571
724 531.135714286 0.244334857143
725 531.6 0.244334857143
726 532.064285714 0.245226285714
727 532.528571429 0.245226285714
728 532.992857143 0.245226285714
729 533.457142857 0.246117714286
730 533.921428571 0.246117714286
731 534.385714286 0.245626857143
732 534.85 0.245626857143
733 535.314285714 0.244995428571
734 535.778571429 0.244995428571
735 536.242857143 0.244364
736 536.707142857 0.244364
737 537.171428571 0.243732571429
738 537.635714286 0.243732571429
739 538.1 0.243101142857
740 538.564285714 0.243101142857
741 539.028571429 0.242343428571
742 539.492857143 0.242343428571
743 539.957142857 0.242343428571
744 540.421428571 0.241470571429
745 540.885714286 0.241470571429
746 541.35 0.240597714286
747 541.814285714 0.240597714286
748 542.278571429 0.239724857143
749 542.742857143 0.239724857143
750 543.207142857 0.238852
751 543.671428571 0.238852
752 544.135714286 0.237994571429
753 544.6 0.237994571429
754 545.064285714 0.237233142857
755 545.528571429 0.237233142857
756 545.992857143 0.237233142857
757 546.457142857 0.236471714286
758 546.921428571 0.236471714286
759 547.385714286 0.235710285714
760 547.85 0.235710285714
761 548.314285714 0.234948857143
762 548.778571429 0.234948857143
763 549.242857143 0.234187428571
764 549.707142857 0.234187428571
765 550.171428571 0.233454
766 550.635714286 0.233454
767 551.1 0.232729714286
768 551.564285714 0.232729714286
769 552.028571429 0.232005428571
770 552.492857143 0.232005428571
771 552.957142857 0.232005428571
772 553.421428571 0.231281142857
773 553.885714286 0.231281142857
774 554.35 0.230556857143
775 554.814285714 0.230556857143
776 555.278571429 0.229846285714
777 555.742857143 0.229846285714
778 556.207142857 0.229159142857
779 556.671428571 0.229159142857
780 557.135714286 0.228472
781 557.6 0.228472
782 558.064285714 0.227784857143
783 558.528571429 0.227784857143
784 558.992857143 0.227784857143
785 559.457142857 0.227097714286
786 559.921428571 0.227097714286
787 560.385714286 0.226410571429
788 560.85 0.226410571429
789 561.314285714 0.225869714286
790 561.778571429 0.225869714286
791 562.242857143 0.225331142857
792 562.707142857 0.225331142857
793 563.171428571 0.224792571429
794 563.635714286 0.224792571429
795 564.1 0.224254
796 564.564285714 0.224254
797 565.028571429 0.223715428571
798 565.492857143 0.223715428571
799 565.957142857 0.223715428571
800 566.421428571 0.223266
801 566.885714286 0.223266
802 567.35 0.222876
803 567.814285714 0.222876
804 568.278571429 0.222486
805 568.742857143 0.222486
806 569.207142857 0.222096
807 569.671428571 0.222096
808 570.135714286 0.221706
809 570.6 0.221706
810 571.064285714 0.221328
811 571.528571429 0.221328
812 571.992857143 0.221328
813 572.457142857 0.220993714286
814 572.921428571 0.220993714286
815 573.385714286 0.220659428571
816 573.85 0.220659428571
817 574.314285714 0.220325142857
818 574.778571429 0.220325142857
819 575.242857143 0.219990857143
820 575.707142857 0.219990857143
821 576.171428571 0.219656571429
822 576.635714286 0.219656571429
823 577.1 0.219322285714
824 577.564285714 0.219322285714
825 578.028571429 0.218988
826 578.492857143 0.218988
827 578.957142857 0.218988
828 579.421428571 0.218653714286
829 579.885714286 0.218653714286
830 580.35 0.218319428571
831 580.814285714 0.218319428571
832 581.278571429 0.217985142857
833 581.742857143 0.217985142857
834 582.207142857 0.217634285714
835 582.671428571 0.217634285714
836 583.135714286 0.217262857143
837 583.6 0.217262857143
838 584.064285714 0.216891428571
839 584.528571429 0.216891428571
840 584.992857143 0.216891428571
841 585.457142857 0.21652
842 585.921428571 0.21652
843 586.385714286 0.216148571429
844 586.85 0.216148571429
845 587.314285714 0.215770285714
846 587.778571429 0.215770285714
847 588.242857143 0.215287428571
848 588.707142857 0.215287428571
849 589.171428571 0.214804571429
850 589.635714286 0.214804571429
851 590.1 0.214321714286
852 590.564285714 0.214321714286
853 591.028571429 0.213838857143
854 591.492857143 0.213838857143
855 591.957142857 0.213838857143
856 592.421428571 0.213356
857 592.885714286 0.213356
858 593.35 0.212810285714
859 593.814285714 0.212810285714
860 594.278571429 0.212234571429
861 594.742857143 0.212234571429
862 595.207142857 0.211658857143
863 595.671428571 0.211658857143
864 596.135714286 0.211083142857
865 596.6 0.211083142857
866 597.064285714 0.210507428571
867 597.528571429 0.210507428571
868 597.992857143 0.210507428571
869 598.457142857 0.209899142857
870 598.921428571 0.209899142857
871 599.385714286 0.209212
872 599.85 0.209212
873 600.314285714 0.208524857143
874 600.778571429 0.208524857143
875 601.242857143 0.207837714286
876 601.707142857 0.207837714286
877 602.171428571 0.207150571429
878 602.635714286 0.207150571429
879 603.1 0.206463428571
880 603.564285714 0.206463428571
881 604.028571429 0.205388571429
882 604.492857143 0.205388571429
883 604.957142857 0.205388571429
884 605.421428571 0.204274285714
885 605.885714286 0.204274285714
886 606.35 0.20316
887 606.814285714 0.20316
888 607.278571429 0.202045714286
889 607.742857143 0.202045714286
890 608.207142857 0.200931428571
891 608.671428571 0.200931428571
892 609.135714286 0.199244
893 609.6 0.199244
894 610.064285714 0.197034
895 610.528571429 0.197034
896 610.992857143 0.197034
897 611.457142857 0.194824
898 611.921428571 0.194824
899 612.385714286 0.192614
900 612.85 0.192614
901 613.314285714 0.190404
902 613.778571429 0.190404
903 614.242857143 0.188055142857
904 614.707142857 0.188055142857
905 615.171428571 0.184842285714
906 615.635714286 0.184842285714
907 616.1 0.181629428571
908 616.564285714 0.181629428571
909 617.028571429 0.178416571429
910 617.492857143 0.178416571429
911 617.957142857 0.178416571429
912 618.421428571 0.175203714286
913 618.885714286 0.175203714286
914 619.35 0.171990857143
915 619.814285714 0.171990857143
916 620.278571429 0.169282
917 620.742857143 0.169282
918 621.207142857 0.166737714286
919 621.671428571 0.166737714286
920 622.135714286 0.164193428571
921 622.6 0.164193428571
922 623.064285714 0.161649142857
923 623.528571429 0.161649142857
924 623.992857143 0.161649142857
925 624.457142857 0.159104857143
926 624.921428571 0.159104857143
927 625.385714286 0.157431428571
928 625.85 0.157431428571
929 626.314285714 0.157245714286
930 626.778571429 0.157245714286
931 627.242857143 0.15706
932 627.707142857 0.15706
933 628.171428571 0.156874285714
934 628.635714286 0.156874285714
935 629.1 0.156688571429
936 629.564285714 0.156688571429
937 630.028571429 0.156502857143
938 630.492857143 0.156502857143
939 630.957142857 0.156502857143
940 631.421428571 0.158346857143
941 631.885714286 0.158346857143
942 632.35 0.160222571429
943 632.814285714 0.160222571429
944 633.278571429 0.162098285714
945 633.742857143 0.162098285714
946 634.207142857 0.163974
947 634.671428571 0.163974
948 635.135714286 0.165849714286
949 635.6 0.165849714286
950 636.064285714 0.167758857143
951 636.528571429 0.167758857143
952 636.992857143 0.167758857143
953 637.457142857 0.169690285714
954 637.921428571 0.169690285714
955 638.385714286 0.171621714286
956 638.85 0.171621714286
957 639.314285714 0.173553142857
958 639.778571429 0.173553142857
959 640.242857143 0.175484571429
960 640.707142857 0.175484571429
961 641.171428571 0.177164
962 641.635714286 0.177164
963 642.1 0.177925428571
964 642.564285714 0.177925428571
965 643.028571429 0.178686857143
966 643.492857143 0.178686857143
967 643.957142857 0.178686857143
968 644.421428571 0.179448285714
969 644.885714286 0.179448285714
970 645.35 0.180209714286
971 645.814285714 0.180209714286
972 646.278571429 0.180971142857
973 646.742857143 0.180971142857
974 647.207142857 0.180868571429
975 647.671428571 0.180868571429
976 648.135714286 0.18059
977 648.6 0.18059
978 649.064285714 0.180311428571
979 649.528571429 0.180311428571
980 649.992857143 0.180311428571
981 650.457142857 0.180032857143
982 650.921428571 0.180032857143
983 651.385714286 0.179754285714
984 651.85 0.179754285714
985 652.314285714 0.179426
986 652.778571429 0.179426
987 653.242857143 0.179036
988 653.707142857 0.179036
989 654.171428571 0.178646
990 654.635714286 0.178646
991 655.1 0.178256
992 655.564285714 0.178256
993 656.028571429 0.177866
994 656.492857143 0.177866
995 656.957142857 0.177866
996 657.421428571 0.177477142857
997 657.885714286 0.177477142857
998 658.35 0.177105714286
999 658.814285714 0.177105714286
1000 659.278571429 0.176734285714
1001 659.742857143 0.176734285714
1002 660.207142857 0.176362857143
1003 660.671428571 0.176362857143
1004 661.135714286 0.175991428571
1005 661.6 0.175991428571
1006 662.064285714 0.17562
1007 662.528571429 0.17562
1008 662.992857143 0.17562
1009 663.457142857 0.175223428571
1010 663.921428571 0.175223428571
1011 664.385714286 0.174814857143
1012 664.85 0.174814857143
1013 665.314285714 0.174406285714
1014 665.778571429 0.174406285714
1015 666.242857143 0.173997714286
1016 666.707142857 0.173997714286
1017 667.171428571 0.173589142857
1018 667.635714286 0.173589142857
1019 668.1 0.173186
1020 668.564285714 0.173186
1021 669.028571429 0.172796
1022 669.492857143 0.172796
1023 669.957142857 0.172796
1024 670.421428571 0.172406
1025 670.885714286 0.172406
1026 671.35 0.172016
1027 671.814285714 0.172016
1028 672.278571429 0.171626
1029 672.742857143 0.171626
1030 673.207142857 0.171236
1031 673.671428571 0.171236
1032 674.135714286 0.170525714286
1033 674.6 0.170525714286
1034 675.064285714 0.169782857143
1035 675.528571429 0.169782857143
1036 675.992857143 0.169782857143
1037 676.457142857 0.16904
1038 676.921428571 0.16904
1039 677.385714286 0.168297142857
1040 677.85 0.168297142857
1041 678.314285714 0.167554285714
1042 678.778571429 0.167554285714
1043 679.242857143 0.166947428571
1044 679.707142857 0.166947428571
1045 680.171428571 0.166464571429
1046 680.635714286 0.166464571429
1047 681.1 0.165981714286
1048 681.564285714 0.165981714286
1049 682.028571429 0.165498857143
1050 682.492857143 0.165498857143
1051 682.957142857 0.165498857143
1052 683.421428571 0.165016
1053 683.885714286 0.165016
1054 684.35 0.164538285714
1055 684.814285714 0.164538285714
1056 685.278571429 0.164092571429
1057 685.742857143 0.164092571429
1058 686.207142857 0.163646857143
1059 686.671428571 0.163646857143
1060 687.135714286 0.163201142857
1061 687.6 0.163201142857
1062 688.064285714 0.162755428571
1063 688.528571429 0.162755428571
1064 688.992857143 0.162755428571
1065 689.457142857 0.162309714286
1066 689.921428571 0.162309714286
1067 690.385714286 0.161766
1068 690.85 0.161766
1069 691.314285714 0.161190285714
1070 691.778571429 0.161190285714
1071 692.242857143 0.160614571429
1072 692.707142857 0.160614571429
1073 693.171428571 0.160038857143
1074 693.635714286 0.160038857143
1075 694.1 0.159463142857
1076 694.564285714 0.159463142857
1077 695.028571429 0.158921714286
1078 695.492857143 0.158921714286
1079 695.957142857 0.158921714286
1080 696.421428571 0.158438857143
1081 696.885714286 0.158438857143
1082 697.35 0.157956
1083 697.814285714 0.157956
1084 698.278571429 0.157473142857
1085 698.742857143 0.157473142857
1086 699.207142857 0.156990285714
1087 699.671428571 0.156990285714
1088 700.135714286 0.156507428571
1089 700.6 0.156507428571
1090 701.064285714 0.156317142857
1091 701.528571429 0.156317142857
1092 701.992857143 0.156317142857
1093 702.457142857 0.156131428571
1094 702.921428571 0.156131428571
1095 703.385714286 0.155945714286
1096 703.85 0.155945714286
1097 704.314285714 0.15576
1098 704.778571429 0.15576
1099 705.242857143 0.155574285714
1100 705.707142857 0.155574285714
1101 706.171428571 0.155288285714
1102 706.635714286 0.155288285714
1103 707.1 0.154935428571
1104 707.564285714 0.154935428571
1105 708.028571429 0.154582571429
1106 708.492857143 0.154582571429
1107 708.957142857 0.154582571429
1108 709.421428571 0.154229714286
1109 709.885714286 0.154229714286
1110 710.35 0.153876857143
1111 710.814285714 0.153876857143
1112 711.278571429 0.153492
1113 711.742857143 0.153492
1114 712.207142857 0.152990571429
1115 712.671428571 0.152990571429
1116 713.135714286 0.152489142857
1117 713.6 0.152489142857
1118 714.064285714 0.151987714286
1119 714.528571429 0.151987714286
1120 714.992857143 0.151987714286
1121 715.457142857 0.151486285714
1122 715.921428571 0.151486285714
1123 716.385714286 0.150984857143
1124 716.85 0.150984857143
1125 717.314285714 0.150714857143
1126 717.778571429 0.150714857143
1127 718.242857143 0.150492
1128 718.707142857 0.150492
1129 719.171428571 0.150269142857
1130 719.635714286 0.150269142857
1131 720.1 0.150046285714
1132 720.564285714 0.150046285714
1133 721.028571429 0.149823428571
1134 721.492857143 0.149823428571
1135 721.957142857 0.149823428571
1136 722.421428571 0.149550857143
1137 722.885714286 0.149550857143
1138 723.35 0.149216571429
1139 723.814285714 0.149216571429
1140 724.278571429 0.148882285714
1141 724.742857143 0.148882285714
1142 725.207142857 0.148548
1143 725.671428571 0.148548
1144 726.135714286 0.148213714286
1145 726.6 0.148213714286
1146 727.064285714 0.147880571429
1147 727.528571429 0.147880571429
1148 727.992857143 0.147880571429
1149 728.457142857 0.147564857143
1150 728.921428571 0.147564857143
1151 729.385714286 0.147249142857
1152 729.85 0.147249142857
1153 730.314285714 0.146933428571
1154 730.778571429 0.146933428571
1155 731.242857143 0.146617714286
1156 731.707142857 0.146617714286
1157 732.171428571 0.146302
1158 732.635714286 0.146302
1159 733.1 0.145885714286
1160 733.564285714 0.145885714286
1161 734.028571429 0.145421428571
1162 734.492857143 0.145421428571
1163 734.957142857 0.145421428571
1164 735.421428571 0.144957142857
1165 735.885714286 0.144957142857
1166 736.35 0.144492857143
1167 736.814285714 0.144492857143
1168 737.278571429 0.144028571429
1169 737.742857143 0.144028571429
1170 738.207142857 0.143586
1171 738.671428571 0.143586
1172 739.135714286 0.143196
1173 739.6 0.143196
1174 740.064285714 0.142806
1175 740.528571429 0.142806
1176 740.992857143 0.142806
1177 741.457142857 0.142416
1178 741.921428571 0.142416
1179 742.385714286 0.142026
1180 742.85 0.142026
1181 743.314285714 0.141636
1182 743.778571429 0.141636
1183 744.242857143 0.141364
1184 744.707142857 0.141364
1185 745.171428571 0.141104
1186 745.635714286 0.141104
1187 746.1 0.140844
1188 746.564285714 0.140844
1189 747.028571429 0.140584
1190 747.492857143 0.140584
1191 747.957142857 0.140584
1192 748.421428571 0.140324
1193 748.885714286 0.140324
1194 749.35 0.140034857143
1195 749.814285714 0.140034857143
1196 750.278571429 0.139719142857
1197 750.742857143 0.139719142857
1198 751.207142857 0.139403428571
1199 751.671428571 0.139403428571
1200 752.135714286 0.139087714286
1201 752.6 0.139087714286
1202 753.064285714 0.138772
1203 753.528571429 0.138772
1204 753.992857143 0.138772
1205 754.457142857 0.138446
1206 754.921428571 0.138446
1207 755.385714286 0.138056
1208 755.85 0.138056
1209 756.314285714 0.137666
1210 756.778571429 0.137666
1211 757.242857143 0.137276
1212 757.707142857 0.137276
1213 758.171428571 0.136886
1214 758.635714286 0.136886
1215 759.1 0.136496
1216 759.564285714 0.136496
1217 760.028571429 0.136218
1218 760.492857143 0.136218
1219 760.957142857 0.136218
1220 761.421428571 0.135976571429
1221 761.885714286 0.135976571429
1222 762.35 0.135735142857
1223 762.814285714 0.135735142857
1224 763.278571429 0.135493714286
1225 763.742857143 0.135493714286
1226 764.207142857 0.135252285714
1227 764.671428571 0.135252285714
1228 765.135714286 0.134901142857
1229 765.6 0.134901142857
1230 766.064285714 0.134362571429
1231 766.528571429 0.134362571429
1232 766.992857143 0.134362571429
1233 767.457142857 0.133824
1234 767.921428571 0.133824
1235 768.385714286 0.133285428571
1236 768.85 0.133285428571
1237 769.314285714 0.132746857143
1238 769.778571429 0.132746857143
1239 770.242857143 0.132208285714
1240 770.707142857 0.132208285714
1241 771.171428571 0.131870857143
1242 771.635714286 0.131870857143
1243 772.1 0.131536571429
1244 772.564285714 0.131536571429
1245 773.028571429 0.131202285714
1246 773.492857143 0.131202285714
1247 773.957142857 0.131202285714
1248 774.421428571 0.130868
1249 774.885714286 0.130868
1250 775.35 0.130533714286
1251 775.814285714 0.130533714286
1252 776.278571429 0.130188285714
1253 776.742857143 0.130188285714
1254 777.207142857 0.129835428571
1255 777.671428571 0.129835428571
1256 778.135714286 0.129482571429
1257 778.6 0.129482571429
1258 779.064285714 0.129129714286
1259 779.528571429 0.129129714286
1260 779.992857143 0.129129714286
1261 780.457142857 0.128776857143
1262 780.921428571 0.128776857143
1263 781.385714286 0.128408
1264 781.85 0.128408
1265 782.314285714 0.127980857143
1266 782.778571429 0.127980857143
1267 783.242857143 0.127553714286
1268 783.707142857 0.127553714286
1269 784.171428571 0.127126571429
1270 784.635714286 0.127126571429
1271 785.1 0.126699428571
1272 785.564285714 0.126699428571
1273 786.028571429 0.126272285714
1274 786.492857143 0.126272285714
1275 786.957142857 0.126272285714
1276 787.421428571 0.125798857143
1277 787.885714286 0.125798857143
1278 788.35 0.125316
1279 788.814285714 0.125316
1280 789.278571429 0.124833142857
1281 789.742857143 0.124833142857
1282 790.207142857 0.124350285714
1283 790.671428571 0.124350285714
1284 791.135714286 0.123867428571
1285 791.6 0.123867428571
1286 792.064285714 0.123442571429
1287 792.528571429 0.123442571429
1288 792.992857143 0.123442571429
1289 793.457142857 0.123089714286
1290 793.921428571 0.123089714286
1291 794.385714286 0.122736857143
1292 794.85 0.122736857143
1293 795.314285714 0.122384
1294 795.778571429 0.122384
1295 796.242857143 0.122031142857
1296 796.707142857 0.122031142857
1297 797.171428571 0.121681714286
1298 797.635714286 0.121681714286
1299 798.1 0.121384571429
1300 798.564285714 0.121384571429
1301 799.028571429 0.121087428571
1302 799.492857143 0.121087428571
1303 799.957142857 0.121087428571
1304 800.421428571 0.120790285714
1305 800.885714286 0.120790285714
1306 801.35 0.120493142857
1307 801.814285714 0.120493142857
1308 802.278571429 0.120196
1309 802.742857143 0.120196
1310 803.207142857 0.119936571429
1311 803.671428571 0.119936571429
1312 804.135714286 0.119695142857
1313 804.6 0.119695142857
1314 805.064285714 0.119453714286
1315 805.528571429 0.119453714286
1316 805.992857143 0.119453714286
1317 806.457142857 0.119212285714
1318 806.921428571 0.119212285714
1319 807.385714286 0.118970857143
1320 807.85 0.118970857143
1321 808.314285714 0.118729428571
1322 808.778571429 0.118729428571
1323 809.242857143 0.118488
1324 809.707142857 0.118488
1325 810.171428571 0.118246571429
1326 810.635714286 0.118246571429
1327 811.1 0.118005142857
1328 811.564285714 0.118005142857
1329 812.028571429 0.117763714286
1330 812.492857143 0.117763714286
1331 812.957142857 0.117763714286
1332 813.421428571 0.117522285714
1333 813.885714286 0.117522285714
1334 814.35 0.117297714286
1335 814.814285714 0.117297714286
1336 815.278571429 0.117074857143
1337 815.742857143 0.117074857143
1338 816.207142857 0.116852
1339 816.671428571 0.116852
1340 817.135714286 0.116629142857
1341 817.6 0.116629142857
1342 818.064285714 0.116406285714
1343 818.528571429 0.116406285714
1344 818.992857143 0.116406285714
1345 819.457142857 0.116125142857
1346 819.921428571 0.116125142857
1347 820.385714286 0.115790857143
1348 820.85 0.115790857143
1349 821.314285714 0.115456571429
1350 821.778571429 0.115456571429
1351 822.242857143 0.115122285714
1352 822.707142857 0.115122285714
1353 823.171428571 0.114788
1354 823.635714286 0.114788
1355 824.1 0.114448571429
1356 824.564285714 0.114448571429
1357 825.028571429 0.114077142857
1358 825.492857143 0.114077142857
1359 825.957142857 0.114077142857
1360 826.421428571 0.113705714286
1361 826.885714286 0.113705714286
1362 827.35 0.113334285714
1363 827.814285714 0.113334285714
1364 828.278571429 0.112962857143
1365 828.742857143 0.112962857143
1366 829.207142857 0.112591428571
1367 829.671428571 0.112591428571
1368 830.135714286 0.112276
1369 830.6 0.112276
1370 831.064285714 0.111978857143
1371 831.528571429 0.111978857143
1372 831.992857143 0.111978857143
1373 832.457142857 0.111681714286
1374 832.921428571 0.111681714286
1375 833.385714286 0.111384571429
1376 833.85 0.111384571429
1377 834.314285714 0.111087428571
1378 834.778571429 0.111087428571
1379 835.242857143 0.110824571429
1380 835.707142857 0.110824571429
1381 836.171428571 0.110620285714
1382 836.635714286 0.110620285714
1383 837.1 0.110416
1384 837.564285714 0.110416
1385 838.028571429 0.110211714286
1386 838.492857143 0.110211714286
1387 838.957142857 0.110211714286
1388 839.421428571 0.110007428571
1389 839.885714286 0.110007428571
1390 840.35 0.109803142857
1391 840.814285714 0.109803142857
1392 841.278571429 0.109580571429
1393 841.742857143 0.109580571429
1394 842.207142857 0.109357714286
1395 842.671428571 0.109357714286
1396 843.135714286 0.109134857143
1397 843.6 0.109134857143
1398 844.064285714 0.108912
1399 844.528571429 0.108912
1400 844.992857143 0.108912
1401 845.457142857 0.108689142857
1402 845.921428571 0.108689142857
1403 846.385714286 0.108477428571
1404 846.85 0.108477428571
1405 847.314285714 0.108273142857
1406 847.778571429 0.108273142857
1407 848.242857143 0.108068857143
1408 848.707142857 0.108068857143
1409 849.171428571 0.107864571429
1410 849.635714286 0.107864571429
1411 850.1 0.107660285714
1412 850.564285714 0.107660285714
1413 851.028571429 0.107484
1414 851.492857143 0.107484
1415 851.957142857 0.107484
1416 852.421428571 0.107409714286
1417 852.885714286 0.107409714286
1418 853.35 0.107335428571
1419 853.814285714 0.107335428571
1420 854.278571429 0.107261142857
1421 854.742857143 0.107261142857
1422 855.207142857 0.107186857143
1423 855.671428571 0.107186857143
1424 856.135714286 0.107112571429
1425 856.6 0.107112571429
1426 857.064285714 0.106837714286
1427 857.528571429 0.106837714286
1428 857.992857143 0.106837714286
1429 858.457142857 0.106522
1430 858.921428571 0.106522
1431 859.385714286 0.106206285714
1432 859.85 0.106206285714
1433 860.314285714 0.105890571429
1434 860.778571429 0.105890571429
1435 861.242857143 0.105574857143
1436 861.707142857 0.105574857143
1437 862.171428571 0.105342
1438 862.635714286 0.105342
1439 863.1 0.105212
1440 863.564285714 0.105212
1441 864.028571429 0.105082
1442 864.492857143 0.105082
1443 864.957142857 0.105082
1444 865.421428571 0.104952
1445 865.885714286 0.104952
1446 866.35 0.104822
1447 866.814285714 0.104822
1448 867.278571429 0.104688571429
1449 867.742857143 0.104688571429
1450 868.207142857 0.104502857143
1451 868.671428571 0.104502857143
1452 869.135714286 0.104317142857
1453 869.6 0.104317142857
1454 870.064285714 0.104131428571
1455 870.528571429 0.104131428571
1456 870.992857143 0.104131428571
1457 871.457142857 0.103945714286
1458 871.921428571 0.103945714286
1459 872.385714286 0.10376
1460 872.85 0.10376
1461 873.314285714 0.103574285714
1462 873.778571429 0.103574285714
1463 874.242857143 0.103388571429
1464 874.707142857 0.103388571429
1465 875.171428571 0.103202857143
1466 875.635714286 0.103202857143
1467 876.1 0.103017142857
1468 876.564285714 0.103017142857
1469 877.028571429 0.102831428571
1470 877.492857143 0.102831428571
1471 877.957142857 0.102831428571
1472 878.421428571 0.102651142857
1473 878.885714286 0.102651142857
1474 879.35 0.102484
1475 879.814285714 0.102484
1476 880.278571429 0.102316857143
1477 880.742857143 0.102316857143
1478 881.207142857 0.102149714286
1479 881.671428571 0.102149714286
1480 882.135714286 0.101982571429
1481 882.6 0.101982571429
1482 883.064285714 0.101815428571
1483 883.528571429 0.101815428571
1484 883.992857143 0.101815428571
1485 884.457142857 0.101513428571
1486 884.921428571 0.101513428571
1487 885.385714286 0.101197714286
1488 885.85 0.101197714286
1489 886.314285714 0.100882
1490 886.778571429 0.100882
1491 887.242857143 0.100566285714
1492 887.707142857 0.100566285714
1493 888.171428571 0.100250571429
1494 888.635714286 0.100250571429
1495 889.1 0.099964
1496 889.564285714 0.099964
1497 890.028571429 0.099704
1498 890.492857143 0.099704
1499 890.957142857 0.099704
1500 891.421428571 0.099444
1501 891.885714286 0.099444
1502 892.35 0.099184
1503 892.814285714 0.099184
1504 893.278571429 0.098924
1505 893.742857143 0.098924
1506 894.207142857 0.0986691428571
1507 894.671428571 0.0986691428571
1508 895.135714286 0.0984462857143
1509 895.6 0.0984462857143
1510 896.064285714 0.0982234285714
1511 896.528571429 0.0982234285714
1512 896.992857143 0.0982234285714
1513 897.457142857 0.0980005714286
1514 897.921428571 0.0980005714286
1515 898.385714286 0.0977777142857
1516 898.85 0.0977777142857
1517 899.314285714 0.0975548571429
1518 899.778571429 0.0975548571429
1519 900.242857143 0.097318
1520 900.707142857 0.097318
1521 901.171428571 0.0970765714286
1522 901.635714286 0.0970765714286
1523 902.1 0.0968351428571
1524 902.564285714 0.0968351428571
1525 903.028571429 0.0965937142857
1526 903.492857143 0.0965937142857
1527 903.957142857 0.0965937142857
1528 904.421428571 0.0963522857143
1529 904.885714286 0.0963522857143
1530 905.35 0.0960765714286
1531 905.814285714 0.0960765714286
1532 906.278571429 0.0957422857143
1533 906.742857143 0.0957422857143
1534 907.207142857 0.095408
1535 907.671428571 0.095408
1536 908.135714286 0.0950737142857
1537 908.6 0.0950737142857
1538 909.064285714 0.0947394285714
1539 909.528571429 0.0947394285714
1540 909.992857143 0.0947394285714
1541 910.457142857 0.0944051428571
1542 910.921428571 0.0944051428571
1543 911.385714286 0.0941805714286
1544 911.85 0.0941805714286
1545 912.314285714 0.0939577142857
1546 912.778571429 0.0939577142857
1547 913.242857143 0.0937348571429
1548 913.707142857 0.0937348571429
1549 914.171428571 0.093512
1550 914.635714286 0.093512
1551 915.1 0.0932891428571
1552 915.564285714 0.0932891428571
1553 916.028571429 0.0930662857143
1554 916.492857143 0.0930662857143
1555 916.957142857 0.0930662857143
1556 917.421428571 0.0928434285714
1557 917.885714286 0.0928434285714
1558 918.35 0.0926205714286
1559 918.814285714 0.0926205714286
1560 919.278571429 0.0923977142857
1561 919.742857143 0.0923977142857
1562 920.207142857 0.0921748571429
1563 920.671428571 0.0921748571429
1564 921.135714286 0.09196
1565 921.6 0.09196
1566 922.064285714 0.0917742857143
1567 922.528571429 0.0917742857143
1568 922.992857143 0.0917742857143
1569 923.457142857 0.0915885714286
1570 923.921428571 0.0915885714286
1571 924.385714286 0.0914028571429
1572 924.85 0.0914028571429
1573 925.314285714 0.0912171428571
1574 925.778571429 0.0912171428571
1575 926.242857143 0.0910314285714
1576 926.707142857 0.0910314285714
1577 927.171428571 0.0908148571429
1578 927.635714286 0.0908148571429
1579 928.1 0.090592
1580 928.564285714 0.090592
1581 929.028571429 0.0903691428571
1582 929.492857143 0.0903691428571
1583 929.957142857 0.0903691428571
1584 930.421428571 0.0901462857143
1585 930.885714286 0.0901462857143
1586 931.35 0.0899234285714
1587 931.814285714 0.0899234285714
1588 932.278571429 0.0897751428571
1589 932.742857143 0.0897751428571
