#wavelengths intensities
-205.9 675.0
-204.9 1341.0
-203.9 1912.0
-202.9 2178.0
-201.9 2044.0
-200.9 1518.0
-199.9 966.0
-198.9 645.0
-197.9 418.0
-196.9 266.0
-195.9 190.0
-194.9 135.0
-193.9 142.0
-192.9 232.0
-191.9 254.0
-190.9 166.0
-189.9 132.0
-188.9 159.0
-187.9 155.0
-186.9 129.0
-185.9 96.0
-184.9 86.0
-183.9 114.0
-182.9 138.0
-181.9 132.0
-180.9 96.0
-179.9 84.0
-178.9 140.0
-177.9 185.0
-176.9 167.0
-175.9 134.0
-174.9 101.0
-173.9 77.0
-172.9 74.0
-171.9 90.0
-170.9 86.0
-169.9 58.0
-168.9 90.0
-167.9 134.0
-166.9 114.0
-165.9 118.0
-164.9 148.0
-163.9 156.0
-162.9 162.0
-161.9 120.0
-160.9 98.0
-159.9 162.0
-158.9 190.0
-157.9 152.0
-156.9 124.0
-155.9 118.0
-154.9 114.0
-153.9 150.0
-152.9 184.0
-151.9 152.0
-150.9 132.0
-149.9 132.0
-148.9 112.0
-147.9 120.0
-146.9 138.0
-145.9 96.0
-144.9 52.0
-143.9 66.0
-142.9 96.0
-141.9 138.0
-140.9 168.0
-139.9 144.0
-138.9 112.0
-137.9 110.0
-136.9 150.0
-135.9 184.0
-134.9 148.0
-133.9 102.0
-132.9 90.0
-131.9 98.0
-130.9 132.0
-129.9 150.0
-128.9 130.0
-127.9 112.0
-126.9 104.0
-125.9 92.0
-124.9 78.0
-123.9 68.0
-122.9 62.0
-121.9 74.0
-120.9 98.0
-119.9 104.0
-118.9 100.0
-117.9 118.0
-116.9 145.0
-115.9 147.0
-114.9 107.0
-113.9 75.0
-112.9 99.0
-111.9 155.0
-110.9 167.0
-109.9 104.0
-108.9 63.0
-107.9 97.0
-106.9 127.0
-105.9 105.0
-104.9 114.0
-103.9 133.0
-102.9 82.0
-101.9 45.0
-100.9 65.0
-99.9 92.0
-98.9 89.0
-97.9 96.0
-96.9 154.0
-95.9 190.0
-94.9 152.0
-93.9 116.0
-92.9 155.0
-91.9 188.0
-90.9 126.0
-89.9 45.0
-88.9 37.0
-87.9 111.0
-86.9 191.0
-85.9 191.0
-84.9 155.0
-83.9 143.0
-82.9 132.0
-81.9 152.0
-80.9 186.0
-79.9 163.0
-78.9 124.0
-77.9 80.0
-76.9 50.0
-75.9 86.0
-74.9 112.0
-73.9 92.0
-72.9 97.0
-71.9 117.0
-70.9 110.0
-69.9 86.0
-68.9 89.0
-67.9 95.0
-66.9 60.0
-65.9 59.0
-64.9 104.0
-63.9 124.0
-62.9 104.0
-61.9 80.0
-60.9 86.0
-59.9 94.0
-58.9 128.0
-57.9 174.0
-56.9 208.0
-55.9 196.0
-54.9 124.0
-53.9 112.0
-52.9 190.0
-51.9 224.0
-50.9 176.0
-49.9 120.0
-48.9 104.0
-47.9 132.0
-46.9 102.0
-45.9 74.0
-44.9 152.0
-43.9 182.0
-42.9 148.0
-41.9 124.0
-40.9 112.0
-39.9 98.0
-38.9 66.0
-37.9 76.0
-36.9 116.0
-35.9 124.0
-34.9 128.0
-33.9 98.0
-32.9 60.0
-31.9 98.0
-30.9 144.0
-29.9 156.0
-28.9 156.0
-27.9 134.0
-26.9 120.0
-25.9 142.0
-24.9 106.0
-23.9 56.0
-22.9 94.0
-21.9 136.0
-20.9 158.0
-19.9 200.0
-18.9 228.0
-17.9 186.0
-16.9 146.0
-15.9 172.0
-14.9 198.0
-13.9 196.0
-12.9 146.0
-11.9 90.0
-10.9 84.0
-9.9 110.0
-8.9 126.0
-7.9 142.0
-6.9 166.0
-5.9 147.0
-4.9 113.0
-3.9 116.0
-2.9 106.0
-1.9 82.0
-0.9 99.0
0.1 111.0
1.1 91.0
2.1 99.0
3.1 137.0
4.1 131.0
5.1 101.0
6.1 112.0
7.1 103.0
8.1 61.0
9.1 97.0
10.1 141.0
11.1 129.0
12.1 129.0
13.1 131.0
14.1 131.0
15.1 151.0
16.1 138.0
17.1 102.0
18.1 105.0
19.1 117.0
20.1 123.0
21.1 135.0
22.1 150.0
23.1 148.0
24.1 107.0
25.1 58.0
26.1 75.0
27.1 167.0
28.1 175.0
29.1 103.0
30.1 113.0
31.1 139.0
32.1 151.0
33.1 170.0
34.1 175.0
35.1 201.0
36.1 167.0
37.1 97.0
38.1 94.0
39.1 107.0
40.1 148.0
41.1 166.0
42.1 138.0
43.1 134.0
44.1 142.0
45.1 171.0
46.1 192.0
47.1 194.0
48.1 192.0
49.1 176.0
50.1 168.0
51.1 148.0
52.1 102.0
53.1 110.0
54.1 160.0
55.1 140.0
56.1 122.0
57.1 142.0
58.1 138.0
59.1 122.0
60.1 108.0
61.1 78.0
62.1 88.0
63.1 170.0
64.1 218.0
65.1 140.0
66.1 72.0
67.1 76.0
68.1 86.0
69.1 102.0
70.1 104.0
71.1 136.0
72.1 170.0
73.1 142.0
74.1 120.0
75.1 166.0
76.1 172.0
77.1 104.0
78.1 94.0
79.1 124.0
80.1 132.0
81.1 118.0
82.1 122.0
83.1 180.0
84.1 198.0
85.1 132.0
86.1 86.0
87.1 116.0
88.1 158.0
89.1 140.0
90.1 108.0
91.1 118.0
92.1 100.0
93.1 84.0
94.1 94.0
95.1 96.0
96.1 106.0
97.1 112.0
98.1 136.0
99.1 167.0
100.1 187.0
101.1 181.0
102.1 148.0
103.1 118.0
104.1 105.0
105.1 120.0
106.1 161.0
107.1 159.0
108.1 131.0
109.1 108.0
110.1 88.0
111.1 139.0
112.1 212.0
113.1 226.0
114.1 169.0
115.1 107.0
116.1 127.0
117.1 153.0
118.1 118.0
119.1 125.0
120.1 150.0
121.1 109.0
122.1 65.0
123.1 78.0
124.1 92.0
125.1 80.0
126.1 92.0
127.1 106.0
128.1 98.0
129.1 93.0
130.1 119.0
131.1 154.0
132.1 114.0
133.1 76.0
134.1 102.0
135.1 119.0
136.1 118.0
137.1 116.0
138.1 138.0
139.1 190.0
140.1 175.0
141.1 150.0
142.1 163.0
143.1 205.0
144.1 270.0
145.1 255.0
146.1 199.0
147.1 133.0
148.1 68.0
149.1 47.0
150.1 61.0
151.1 103.0
152.1 153.0
153.1 140.0
154.1 99.0
155.1 139.0
156.1 192.0
157.1 154.0
158.1 120.0
159.1 156.0
160.1 184.0
161.1 180.0
162.1 144.0
163.1 96.0
164.1 76.0
165.1 56.0
166.1 36.0
167.1 72.0
168.1 142.0
169.1 118.0
170.1 116.0
171.1 168.0
172.1 152.0
173.1 130.0
174.1 142.0
175.1 170.0
176.1 184.0
177.1 184.0
178.1 168.0
179.1 156.0
180.1 194.0
181.1 174.0
182.1 128.0
183.1 122.0
184.1 140.0
185.1 194.0
186.1 172.0
187.1 132.0
188.1 124.0
189.1 100.0
190.1 98.0
191.1 110.0
192.1 130.0
193.1 140.0
194.1 130.0
195.1 116.0
196.1 150.0
197.1 222.0
198.1 178.0
199.1 174.0
200.1 224.0
201.1 164.0
202.1 104.0
203.1 138.0
204.1 216.0
205.1 236.0
206.1 178.0
207.1 148.0
208.1 120.0
209.1 60.0
210.1 54.0
211.1 124.0
212.1 192.0
213.1 174.0
214.1 129.0
215.1 147.0
216.1 184.0
217.1 159.0
218.1 143.0
219.1 164.0
220.1 199.0
221.1 253.0
222.1 205.0
223.1 85.0
224.1 115.0
225.1 170.0
226.1 137.0
227.1 149.0
228.1 222.0
229.1 243.0
230.1 231.0
231.1 204.0
232.1 231.0
233.1 266.0
234.1 200.0
235.1 187.0
236.1 242.0
237.1 235.0
238.1 213.0
239.1 241.0
240.1 242.0
241.1 224.0
242.1 193.0
243.1 198.0
244.1 218.0
245.1 146.0
246.1 92.0
247.1 108.0
248.1 129.0
249.1 143.0
250.1 133.0
251.1 123.0
252.1 146.0
253.1 168.0
254.1 139.0
255.1 136.0
256.1 128.0
257.1 117.0
258.1 171.0
259.1 184.0
260.1 116.0
261.1 61.0
262.1 62.0
263.1 77.0
264.1 82.0
265.1 98.0
266.1 140.0
267.1 182.0
268.1 164.0
269.1 108.0
270.1 108.0
271.1 148.0
272.1 230.0
273.1 296.0
274.1 260.0
275.1 192.0
276.1 160.0
277.1 158.0
278.1 112.0
279.1 88.0
280.1 152.0
281.1 208.0
282.1 204.0
283.1 142.0
284.1 108.0
285.1 96.0
286.1 90.0
287.1 130.0
288.1 182.0
289.1 168.0
290.1 118.0
291.1 152.0
292.1 168.0
293.1 112.0
294.1 54.0
295.1 56.0
296.1 168.0
297.1 214.0
298.1 152.0
299.1 154.0
300.1 190.0
301.1 212.0
302.1 214.0
303.1 204.0
304.1 220.0
305.1 208.0
306.1 128.0
307.1 100.0
308.1 148.0
309.1 164.0
310.1 150.0
311.1 162.0
312.1 208.0
313.1 222.0
314.1 182.0
315.1 136.0
316.1 158.0
317.1 212.0
318.1 206.0
319.1 205.0
320.1 179.0
321.1 103.0
322.1 69.0
323.1 62.0
324.1 37.0
325.1 78.0
326.1 164.0
327.1 232.0
328.1 208.0
329.1 111.0
330.1 96.0
331.1 117.0
332.1 154.0
333.1 184.0
334.1 146.0
335.1 158.0
336.1 196.0
337.1 176.0
338.1 126.0
339.1 116.0
340.1 164.0
341.1 144.0
342.1 114.0
343.1 144.0
344.1 190.0
345.1 168.0
346.1 128.0
347.1 138.0
348.1 129.0
349.1 140.0
350.1 132.0
351.1 116.0
352.1 161.0
353.1 210.0
354.1 162.0
355.1 78.0
356.1 63.0
357.1 111.0
358.1 171.0
359.1 165.0
360.1 128.0
361.1 185.0
362.1 230.0
363.1 165.0
364.1 146.0
365.1 163.0
366.1 124.0
367.1 72.0
368.1 134.0
369.1 244.0
370.1 206.0
371.1 180.0
372.1 226.0
373.1 219.0
374.1 242.0
375.1 262.0
376.1 216.0
377.1 160.0
378.1 112.0
379.1 82.0
380.1 158.0
381.1 186.0
382.1 128.0
383.1 118.0
384.1 154.0
385.1 184.0
386.1 176.0
387.1 194.0
388.1 242.0
389.1 212.0
390.1 146.0
391.1 142.0
392.1 116.0
393.1 90.0
394.1 104.0
395.1 144.0
396.1 118.0
397.1 62.0
398.1 108.0
399.1 210.0
400.1 204.0
401.1 152.0
402.1 188.0
403.1 164.0
404.1 82.0
405.1 56.0
406.1 64.0
407.1 68.0
408.1 136.0
409.1 224.0
410.1 240.0
411.1 212.0
412.1 148.0
413.1 90.0
414.1 94.0
415.1 126.0
416.1 158.0
417.1 156.0
418.1 128.0
419.1 142.0
420.1 154.0
421.1 136.0
422.1 104.0
423.1 84.0
424.1 168.0
425.1 230.0
426.1 170.0
427.1 114.0
428.1 131.0
429.1 186.0
430.1 205.0
431.1 225.0
432.1 200.0
433.1 139.0
434.1 86.0
435.1 95.0
436.1 158.0
437.1 166.0
438.1 151.0
439.1 181.0
440.1 222.0
441.1 240.0
442.1 215.0
443.1 152.0
444.1 137.0
445.1 124.0
446.1 113.0
447.1 138.0
448.1 177.0
449.1 168.0
450.1 119.0
451.1 129.0
452.1 193.0
453.1 201.0
454.1 155.0
455.1 189.0
456.1 204.0
457.1 157.0
458.1 156.0
459.1 142.0
460.1 151.0
461.1 143.0
462.1 82.0
463.1 111.0
464.1 139.0
465.1 102.0
466.1 102.0
467.1 122.0
468.1 153.0
469.1 135.0
470.1 86.0
471.1 90.0
472.1 133.0
473.1 146.0
474.1 124.0
475.1 121.0
476.1 136.0
477.1 152.0
478.1 122.0
479.1 130.0
480.1 165.0
481.1 185.0
482.1 168.0
483.1 109.0
484.1 98.0
485.1 168.0
486.1 202.0
487.1 164.0
488.1 196.0
489.1 230.0
490.1 188.0
491.1 118.0
492.1 90.0
493.1 114.0
494.1 110.0
495.1 138.0
496.1 192.0
497.1 172.0
498.1 122.0
499.1 154.0
500.1 206.0
501.1 198.0
502.1 184.0
503.1 180.0
504.1 186.0
505.1 152.0
506.1 134.0
507.1 166.0
508.1 154.0
509.1 168.0
510.1 204.0
511.1 198.0
512.1 178.0
513.1 150.0
514.1 98.0
515.1 82.0
516.1 134.0
517.1 124.0
518.1 130.0
519.1 160.0
520.1 100.0
521.1 78.0
522.1 106.0
523.1 204.0
524.1 204.0
525.1 102.0
526.1 100.0
527.1 140.0
528.1 196.0
529.1 236.0
530.1 238.0
531.1 222.0
532.1 176.0
533.1 126.0
534.1 136.0
535.1 168.0
536.1 192.0
537.1 190.0
538.1 172.0
539.1 150.0
540.1 136.0
541.1 128.0
542.1 150.0
543.1 154.0
544.1 118.0
545.1 104.0
546.1 113.0
547.1 225.0
548.1 243.0
549.1 137.0
550.1 94.0
551.1 88.0
552.1 148.0
553.1 157.0
554.1 94.0
555.1 111.0
556.1 170.0
557.1 199.0
558.1 193.0
559.1 187.0
560.1 243.0
561.1 234.0
562.1 130.0
563.1 86.0
564.1 98.0
565.1 124.0
566.1 172.0
567.1 186.0
568.1 171.0
569.1 166.0
570.1 126.0
571.1 133.0
572.1 180.0
573.1 150.0
574.1 171.0
575.1 186.0
576.1 118.0
577.1 93.0
578.1 126.0
579.1 142.0
580.1 124.0
581.1 134.0
582.1 143.0
583.1 159.0
584.1 167.0
585.1 123.0
586.1 90.0
587.1 104.0
588.1 102.0
589.1 104.0
590.1 139.0
591.1 155.0
592.1 133.0
593.1 107.0
594.1 154.0
595.1 202.0
596.1 130.0
597.1 108.0
598.1 162.0
599.1 182.0
600.1 164.0
601.1 110.0
602.1 140.0
603.1 192.0
604.1 186.0
605.1 174.0
606.1 166.0
607.1 146.0
608.1 144.0
609.1 130.0
610.1 106.0
611.1 110.0
612.1 118.0
613.1 138.0
614.1 158.0
615.1 172.0
616.1 146.0
617.1 146.0
618.1 182.0
619.1 202.0
620.1 238.0
621.1 224.0
622.1 142.0
623.1 150.0
624.1 180.0
625.1 136.0
626.1 112.0
627.1 142.0
628.1 138.0
629.1 92.0
630.1 112.0
631.1 206.0
632.1 222.0
633.1 124.0
634.1 66.0
635.1 68.0
636.1 110.0
637.1 132.0
638.1 146.0
639.1 178.0
640.1 194.0
641.1 170.0
642.1 122.0
643.1 126.0
644.1 146.0
645.1 130.0
646.1 108.0
647.1 100.0
648.1 106.0
649.1 146.0
650.1 154.0
651.1 148.0
652.1 140.0
653.1 110.0
654.1 156.0
655.1 200.0
656.1 179.0
657.1 160.0
658.1 137.0
659.1 124.0
660.1 118.0
661.1 94.0
662.1 110.0
663.1 210.0
664.1 238.0
665.1 204.0
666.1 273.0
667.1 282.0
668.1 240.0
669.1 174.0
670.1 143.0
671.1 140.0
672.1 148.0
673.1 158.0
674.1 98.0
675.1 137.0
676.1 169.0
677.1 157.0
678.1 215.0
679.1 347.0
680.1 482.0
681.1 536.0
682.1 594.0
683.1 630.0
684.1 640.0
685.1 630.0
686.1 615.0
687.1 541.0
688.1 343.0
689.1 234.0
690.1 306.0
691.1 350.0
692.1 282.0
693.1 256.0
694.1 275.0
695.1 327.0
696.1 326.0
697.1 272.0
698.1 246.0
699.1 219.0
700.1 222.0
701.1 315.0
702.1 486.0
703.1 657.0
704.1 776.0
705.1 914.0
706.1 1210.0
707.1 1470.0
708.1 1564.0
709.1 1758.0
710.1 2046.0
711.1 2320.0
712.1 2610.0
713.1 2846.0
714.1 3082.0
715.1 3342.0
716.1 3602.0
717.1 3908.0
718.1 4166.0
719.1 4386.0
720.1 4620.0
721.1 4878.0
722.1 5144.0
723.1 5398.0
724.1 5628.0
725.1 5810.0
726.1 6040.0
727.1 6282.0
728.1 6462.0
729.1 6592.0
730.1 6662.0
731.1 6636.0
732.1 6606.0
733.1 6664.0
734.1 6700.0
735.1 6746.0
736.1 6834.0
737.1 6842.0
738.1 6742.0
739.1 6684.0
740.1 6704.0
741.1 6700.0
742.1 6696.0
743.1 6760.0
744.1 6842.0
745.1 6886.0
746.1 6880.0
747.1 6762.0
748.1 6580.0
749.1 6360.0
750.1 6030.0
751.1 5678.0
752.1 5406.0
753.1 5302.0
754.1 5370.0
755.1 5660.0
756.1 6112.0
757.1 6581.0
758.1 6972.0
759.1 7325.0
760.1 7538.0
761.1 7657.0
762.1 7726.0
763.1 7823.0
764.1 7909.0
765.1 7922.0
766.1 8009.0
767.1 8180.0
768.1 8336.0
769.1 8429.0
770.1 8429.0
771.1 8429.0
772.1 8475.0
773.1 8512.0
774.1 8509.0
775.1 8523.0
776.1 8568.0
777.1 8631.0
778.1 8710.0
779.1 8781.0
780.1 8762.0
781.1 8702.0
782.1 8762.0
783.1 8884.0
784.1 8928.0
785.1 8968.0
786.1 9056.0
787.1 9133.0
788.1 9187.0
789.1 9182.0
790.1 9175.0
791.1 9213.0
792.1 9264.0
793.1 9250.0
794.1 9253.0
795.1 9377.0
796.1 9486.0
797.1 9462.0
798.1 9413.0
799.1 9463.0
800.1 9529.0
801.1 9571.0
802.1 9590.0
803.1 9640.0
804.1 9731.0
805.1 9759.0
806.1 9705.0
807.1 9670.0
808.1 9709.0
809.1 9761.0
810.1 9805.0
811.1 9853.0
812.1 9971.0
813.1 9972.0
814.1 9948.0
815.1 9878.0
816.1 9868.0
817.1 9928.0
818.1 10010.0
819.1 10086.0
820.1 10056.0
821.1 9986.0
822.1 9996.0
823.1 10044.0
824.1 10062.0
825.1 10052.0
826.1 10066.0
827.1 10132.0
828.1 10136.0
829.1 10066.0
830.1 10110.0
831.1 10268.0
832.1 10392.0
833.1 10380.0
834.1 10316.0
835.1 10284.0
836.1 10228.0
837.1 10150.0
838.1 10092.0
839.1 10172.0
840.1 10308.0
841.1 10312.0
842.1 10310.0
843.1 10348.0
844.1 10296.0
845.1 10170.0
846.1 10116.0
847.1 10184.0
848.1 10294.0
849.1 10360.0
850.1 10368.0
851.1 10382.0
852.1 10398.0
853.1 10362.0
854.1 10304.0
855.1 10264.0
856.1 10298.0
857.1 10424.0
858.1 10536.0
859.1 10520.0
860.1 10436.0
861.1 10368.0
862.1 10242.0
863.1 9958.0
864.1 9572.0
865.1 9120.0
866.1 8580.0
867.1 8191.0
868.1 8138.0
869.1 8437.0
870.1 8726.0
871.1 9005.0
872.1 9324.0
873.1 9510.0
874.1 9692.0
875.1 9912.0
876.1 10020.0
877.1 10067.0
878.1 10117.0
879.1 10221.0
880.1 10289.0
881.1 10245.0
882.1 10188.0
883.1 10111.0
884.1 10016.0
885.1 9951.0
886.1 9945.0
887.1 9865.0
888.1 9648.0
889.1 9438.0
890.1 9343.0
891.1 9326.0
892.1 9289.0
893.1 9193.0
894.1 9094.0
895.1 9001.0
896.1 8937.0
897.1 8879.0
898.1 8808.0
899.1 8826.0
900.1 8867.0
901.1 8900.0
902.1 9018.0
903.1 9052.0
904.1 8975.0
905.1 9000.0
906.1 9053.0
907.1 9029.0
908.1 8921.0
909.1 8791.0
910.1 8763.0
911.1 8832.0
912.1 8811.0
913.1 8699.0
914.1 8637.0
915.1 8595.0
916.1 8506.0
917.1 8432.0
918.1 8420.0
919.1 8409.0
920.1 8398.0
921.1 8358.0
922.1 8351.0
923.1 8370.0
924.1 8386.0
925.1 8344.0
926.1 8256.0
927.1 8080.0
928.1 7892.0
929.1 7788.0
930.1 7752.0
931.1 7748.0
932.1 7642.0
933.1 7464.0
934.1 7306.0
935.1 7240.0
936.1 7258.0
937.1 7170.0
938.1 6912.0
939.1 6624.0
940.1 6454.0
941.1 6410.0
942.1 6364.0
943.1 6306.0
944.1 6308.0
945.1 6286.0
946.1 6274.0
947.1 6304.0
948.1 6276.0
949.1 6220.0
950.1 6254.0
951.1 6316.0
952.1 6262.0
953.1 6156.0
954.1 6168.0
955.1 6224.0
956.1 6220.0
957.1 6202.0
958.1 6160.0
959.1 6090.0
960.1 6012.0
961.1 6040.0
962.1 6178.0
963.1 6356.0
964.1 6548.0
965.1 6784.0
966.1 7010.0
967.1 7084.0
968.1 7006.0
969.1 6876.0
970.1 6912.0
971.1 6996.0
972.1 7002.0
973.1 7062.0
974.1 7156.0
975.1 7132.0
976.1 6936.0
977.1 6747.0
978.1 6664.0
979.1 6628.0
980.1 6579.0
981.1 6480.0
982.1 6477.0
983.1 6635.0
984.1 6731.0
985.1 6706.0
986.1 6596.0
987.1 6477.0
988.1 6421.0
989.1 6361.0
990.1 6275.0
991.1 6181.0
992.1 6092.0
993.1 6014.0
994.1 6001.0
995.1 5979.0
996.1 5900.0
997.1 5857.0
998.1 5802.0
999.1 5750.0
1000.1 5697.0
1001.1 5570.0
1002.1 5415.0
1003.1 5351.0
1004.1 5367.0
1005.1 5411.0
1006.1 5355.0
1007.1 5184.0
1008.1 5113.0
1009.1 5156.0
1010.1 5154.0
1011.1 5067.0
1012.1 4919.0
1013.1 4799.0
1014.1 4847.0
1015.1 4914.0
1016.1 4913.0
1017.1 4953.0
1018.1 5013.0
1019.1 5050.0
1020.1 5035.0
1021.1 5047.0
1022.1 5153.0
1023.1 5210.0
1024.1 5199.0
1025.1 5188.0
1026.1 5214.0
1027.1 5260.0
1028.1 5214.0
1029.1 5125.0
1030.1 5134.0
1031.1 5086.0
1032.1 4864.0
1033.1 4698.0
1034.1 4664.0
1035.1 4732.0
1036.1 4766.0
1037.1 4738.0
1038.1 4750.0
1039.1 4744.0
1040.1 4730.0
1041.1 4758.0
1042.1 4802.0
1043.1 4804.0
1044.1 4758.0
1045.1 4722.0
1046.1 4702.0
1047.1 4624.0
1048.1 4554.0
1049.1 4608.0
1050.1 4754.0
1051.1 4822.0
1052.1 4762.0
1053.1 4730.0
1054.1 4784.0
1055.1 4800.0
1056.1 4766.0
1057.1 4788.0
1058.1 4800.0
1059.1 4778.0
1060.1 4776.0
1061.1 4712.0
1062.1 4660.0
1063.1 4796.0
1064.1 4880.0
1065.1 4792.0
1066.1 4884.0
1067.1 5066.0
1068.1 5072.0
1069.1 5006.0
1070.1 4994.0
1071.1 5052.0
1072.1 5060.0
1073.1 4990.0
1074.1 4912.0
1075.1 4904.0
1076.1 4966.0
1077.1 4988.0
1078.1 4924.0
1079.1 4902.0
1080.1 4972.0
1081.1 4978.0
1082.1 4922.0
1083.1 4892.0
1084.1 4844.0
1085.1 4770.0
1086.1 4597.0
1087.1 4265.0
1088.1 4064.0
1089.1 4028.0
1090.1 4017.0
1091.1 4054.0
1092.1 4039.0
1093.1 3914.0
1094.1 3823.0
1095.1 3864.0
1096.1 3884.0
1097.1 3839.0
1098.1 3778.0
1099.1 3719.0
1100.1 3712.0
1101.1 3674.0
1102.1 3574.0
1103.1 3545.0
1104.1 3505.0
1105.1 3366.0
1106.1 3329.0
1107.1 3421.0
1108.1 3530.0
1109.1 3559.0
1110.1 3437.0
1111.1 3347.0
1112.1 3319.0
1113.1 3193.0
1114.1 3152.0
1115.1 3187.0
1116.1 3122.0
1117.1 3066.0
1118.1 3008.0
1119.1 2903.0
1120.1 2875.0
1121.1 2949.0
1122.1 2985.0
1123.1 2945.0
1124.1 2940.0
1125.1 2890.0
1126.1 2809.0
1127.1 2811.0
1128.1 2873.0
1129.1 2932.0
1130.1 2888.0
1131.1 2804.0
1132.1 2783.0
1133.1 2722.0
1134.1 2612.0
1135.1 2599.0
1136.1 2613.0
1137.1 2624.0
1138.1 2622.0
1139.1 2572.0
1140.1 2563.0
1141.1 2333.0
1142.1 2092.0
1143.1 2104.0
1144.1 2084.0
1145.1 2050.0
1146.1 2088.0
1147.1 2010.0
1148.1 1898.0
1149.1 1908.0
1150.1 1892.0
1151.1 1880.0
1152.1 1928.0
1153.1 1862.0
1154.1 1722.0
1155.1 1682.0
1156.1 1686.0
1157.1 1730.0
1158.1 1728.0
1159.1 1668.0
1160.1 1670.0
1161.1 1738.0
1162.1 1794.0
1163.1 1824.0
1164.1 1796.0
1165.1 1728.0
1166.1 1686.0
1167.1 1666.0
1168.1 1610.0
1169.1 1582.0
1170.1 1600.0
1171.1 1512.0
1172.1 1448.0
1173.1 1468.0
1174.1 1438.0
1175.1 1398.0
1176.1 1408.0
1177.1 1410.0
1178.1 1382.0
1179.1 1388.0
1180.1 1374.0
1181.1 1360.0
1182.1 1362.0
1183.1 1322.0
1184.1 1300.0
1185.1 1332.0
1186.1 1312.0
1187.1 1250.0
1188.1 1252.0
1189.1 1252.0
1190.1 1220.0
1191.1 1268.0
1192.1 1278.0
1193.1 1200.0
1194.1 1188.0
1195.1 1210.0
1196.1 1112.0
1197.1 906.0
1198.1 874.0
1199.1 913.0
1200.1 856.0
1201.1 783.0
1202.1 726.0
1203.1 749.0
1204.1 830.0
1205.1 825.0
1206.1 776.0
1207.1 820.0
1208.1 831.0
1209.1 806.0
1210.1 838.0
1211.1 838.0
1212.1 786.0
1213.1 732.0
1214.1 756.0
1215.1 808.0
1216.1 816.0
1217.1 773.0
1218.1 818.0
1219.1 847.0
1220.1 733.0
1221.1 660.0
1222.1 709.0
1223.1 768.0
1224.1 762.0
1225.1 727.0
1226.1 698.0
1227.1 695.0
1228.1 633.0
1229.1 553.0
1230.1 514.0
1231.1 520.0
1232.1 524.0
1233.1 507.0
1234.1 499.0
1235.1 527.0
1236.1 601.0
1237.1 533.0
1238.1 450.0
1239.1 528.0
1240.1 522.0
1241.1 396.0
1242.1 348.0
1243.1 397.0
1244.1 432.0
1245.1 445.0
1246.1 565.0
1247.1 592.0
1248.1 477.0
1249.1 402.0
1250.1 370.0
1251.1 378.0
1252.1 354.0
1253.1 304.0
1254.1 306.0
1255.1 312.0
1256.1 298.0
1257.1 378.0
1258.1 392.0
1259.1 330.0
1260.1 372.0
1261.1 390.0
1262.1 276.0
1263.1 232.0
1264.1 322.0
1265.1 344.0
1266.1 312.0
1267.1 254.0
1268.1 178.0
1269.1 180.0
1270.1 240.0
1271.1 246.0
1272.1 238.0
1273.1 236.0
1274.1 166.0
1275.1 140.0
1276.1 174.0
1277.1 168.0
1278.1 160.0
1279.1 172.0
1280.1 200.0
1281.1 200.0
1282.1 156.0
1283.1 130.0
1284.1 160.0
1285.1 240.0
1286.1 224.0
1287.1 174.0
1288.1 176.0
1289.1 170.0
1290.1 162.0
1291.1 196.0
1292.1 156.0
1293.1 82.0
1294.1 98.0
1295.1 168.0
1296.1 286.0
1297.1 260.0
1298.1 170.0
1299.1 152.0
1300.1 124.0
1301.1 82.0
1302.1 66.0
1303.1 90.0
1304.1 114.0
1305.1 130.0
1306.1 166.0
1307.1 157.0
1308.1 144.0
1309.1 178.0
1310.1 175.0
1311.1 180.0
1312.1 198.0
1313.1 162.0
1314.1 105.0
1315.1 152.0
1316.1 154.0
1317.1 46.0
1318.1 70.0
1319.1 140.0
1320.1 140.0
1321.1 150.0
1322.1 176.0
1323.1 158.0
1324.1 183.0
1325.1 206.0
1326.1 232.0
1327.1 212.0
1328.1 118.0
1329.1 105.0
1330.1 119.0
1331.1 140.0
1332.1 118.0
1333.1 81.0
1334.1 100.0
1335.1 114.0
1336.1 129.0
1337.1 114.0
1338.1 91.0
1339.1 115.0
1340.1 104.0
1341.1 127.0
1342.1 151.0
1343.1 138.0
1344.1 157.0
1345.1 104.0
1346.1 99.0
1347.1 144.0
1348.1 138.0
1349.1 116.0
1350.1 95.0
1351.1 117.0
1352.1 158.0
1353.1 167.0
1354.1 224.0
1355.1 227.0
1356.1 122.0
1357.1 117.0
1358.1 148.0
1359.1 156.0
1360.1 147.0
1361.1 152.0
1362.1 138.0
1363.1 76.0
1364.1 102.0
1365.1 170.0
1366.1 156.0
1367.1 142.0
1368.1 192.0
1369.1 164.0
1370.1 104.0
1371.1 138.0
1372.1 148.0
1373.1 134.0
1374.1 112.0
1375.1 96.0
1376.1 88.0
1377.1 84.0
1378.1 128.0
1379.1 128.0
1380.1 72.0
1381.1 72.0
1382.1 52.0
1383.1 4.0
