wavelengths
285.064285714
285.528571429
285.528571429
285.992857143
285.992857143
286.457142857
286.457142857
286.921428571
286.921428571
287.385714286
287.385714286
287.85
287.85
288.314285714
288.314285714
288.314285714
288.778571429
288.778571429
289.242857143
289.242857143
289.707142857
289.707142857
290.171428571
290.171428571
290.635714286
290.635714286
291.1
291.1
291.1
291.564285714
291.564285714
292.028571429
292.028571429
292.492857143
292.492857143
292.957142857
292.957142857
293.421428571
293.421428571
293.885714286
293.885714286
294.35
294.35
294.35
294.814285714
294.814285714
295.278571429
295.278571429
295.742857143
295.742857143
296.207142857
296.207142857
296.671428571
296.671428571
297.135714286
297.135714286
297.135714286
297.6
297.6
298.064285714
298.064285714
298.528571429
298.528571429
298.992857143
298.992857143
299.457142857
299.457142857
299.921428571
299.921428571
300.385714286
300.385714286
300.385714286
300.85
300.85
301.314285714
301.314285714
301.778571429
301.778571429
302.242857143
302.242857143
302.707142857
302.707142857
303.171428571
303.171428571
303.171428571
303.635714286
303.635714286
304.1
304.1
304.564285714
304.564285714
305.028571429
305.028571429
305.492857143
305.492857143
305.957142857
305.957142857
306.421428571
306.421428571
306.421428571
306.885714286
306.885714286
307.35
307.35
307.814285714
307.814285714
308.278571429
308.278571429
308.742857143
308.742857143
309.207142857
309.207142857
309.207142857
309.671428571
309.671428571
310.135714286
310.135714286
310.6
310.6
311.064285714
311.064285714
311.528571429
311.528571429
311.992857143
311.992857143
312.457142857
312.457142857
312.457142857
312.921428571
312.921428571
313.385714286
313.385714286
313.85
313.85
314.314285714
314.314285714
314.778571429
314.778571429
315.242857143
315.242857143
315.242857143
315.707142857
315.707142857
316.171428571
316.171428571
316.635714286
316.635714286
317.1
317.1
317.564285714
317.564285714
318.028571429
318.028571429
318.492857143
318.492857143
318.492857143
318.957142857
318.957142857
319.421428571
319.421428571
319.885714286
319.885714286
320.35
320.35
320.814285714
320.814285714
321.278571429
321.278571429
321.278571429
321.742857143
321.742857143
322.207142857
322.207142857
322.671428571
322.671428571
323.135714286
323.135714286
323.6
323.6
324.064285714
324.064285714
324.528571429
324.528571429
324.528571429
324.992857143
324.992857143
325.457142857
325.457142857
325.921428571
325.921428571
326.385714286
326.385714286
326.85
326.85
327.314285714
327.314285714
327.314285714
327.778571429
327.778571429
328.242857143
328.242857143
328.707142857
328.707142857
329.171428571
329.171428571
329.635714286
329.635714286
330.1
330.1
330.564285714
330.564285714
330.564285714
331.028571429
331.028571429
331.492857143
331.492857143
331.957142857
331.957142857
332.421428571
332.421428571
332.885714286
332.885714286
333.35
333.35
333.35
333.814285714
333.814285714
334.278571429
334.278571429
334.742857143
334.742857143
335.207142857
335.207142857
335.671428571
335.671428571
336.135714286
336.135714286
336.6
336.6
336.6
337.064285714
337.064285714
337.528571429
337.528571429
337.992857143
337.992857143
338.457142857
338.457142857
338.921428571
338.921428571
339.385714286
339.385714286
339.385714286
339.85
339.85
340.314285714
340.314285714
340.778571429
340.778571429
341.242857143
341.242857143
341.707142857
341.707142857
342.171428571
342.171428571
342.635714286
342.635714286
342.635714286
343.1
343.1
343.564285714
343.564285714
344.028571429
344.028571429
344.492857143
344.492857143
344.957142857
344.957142857
345.421428571
345.421428571
345.421428571
345.885714286
345.885714286
346.35
346.35
346.814285714
346.814285714
347.278571429
347.278571429
347.742857143
347.742857143
348.207142857
348.207142857
348.671428571
348.671428571
348.671428571
349.135714286
349.135714286
349.6
349.6
350.064285714
350.064285714
350.528571429
350.528571429
350.992857143
350.992857143
351.457142857
351.457142857
351.457142857
351.921428571
351.921428571
352.385714286
352.385714286
352.85
352.85
353.314285714
353.314285714
353.778571429
353.778571429
354.242857143
354.242857143
354.707142857
354.707142857
354.707142857
355.171428571
355.171428571
355.635714286
355.635714286
356.1
356.1
356.564285714
356.564285714
357.028571429
357.028571429
357.492857143
357.492857143
357.492857143
357.957142857
357.957142857
358.421428571
358.421428571
358.885714286
358.885714286
359.35
359.35
359.814285714
359.814285714
360.278571429
360.278571429
360.742857143
360.742857143
360.742857143
361.207142857
361.207142857
361.671428571
361.671428571
362.135714286
362.135714286
362.6
362.6
363.064285714
363.064285714
363.528571429
363.528571429
363.528571429
363.992857143
363.992857143
364.457142857
364.457142857
364.921428571
364.921428571
365.385714286
365.385714286
365.85
365.85
366.314285714
366.314285714
366.778571429
366.778571429
366.778571429
367.242857143
367.242857143
367.707142857
367.707142857
368.171428571
368.171428571
368.635714286
368.635714286
369.1
369.1
369.564285714
369.564285714
369.564285714
370.028571429
370.028571429
370.492857143
370.492857143
370.957142857
370.957142857
371.421428571
371.421428571
371.885714286
371.885714286
372.35
372.35
372.814285714
372.814285714
372.814285714
373.278571429
373.278571429
373.742857143
373.742857143
374.207142857
374.207142857
374.671428571
374.671428571
375.135714286
375.135714286
375.6
375.6
375.6
376.064285714
376.064285714
376.528571429
376.528571429
376.992857143
376.992857143
377.457142857
377.457142857
377.921428571
377.921428571
378.385714286
378.385714286
378.85
378.85
378.85
379.314285714
379.314285714
379.778571429
379.778571429
380.242857143
380.242857143
380.707142857
380.707142857
381.171428571
381.171428571
381.635714286
381.635714286
381.635714286
382.1
382.1
382.564285714
382.564285714
383.028571429
383.028571429
383.492857143
383.492857143
383.957142857
383.957142857
384.421428571
384.421428571
384.885714286
384.885714286
384.885714286
385.35
385.35
385.814285714
385.814285714
386.278571429
386.278571429
386.742857143
386.742857143
387.207142857
387.207142857
387.671428571
387.671428571
387.671428571
388.135714286
388.135714286
388.6
388.6
389.064285714
389.064285714
389.528571429
389.528571429
389.992857143
389.992857143
390.457142857
390.457142857
390.921428571
390.921428571
390.921428571
391.385714286
391.385714286
391.85
391.85
392.314285714
392.314285714
392.778571429
392.778571429
393.242857143
393.242857143
393.707142857
393.707142857
393.707142857
394.171428571
394.171428571
394.635714286
394.635714286
395.1
395.1
395.564285714
395.564285714
396.028571429
396.028571429
396.492857143
396.492857143
396.957142857
396.957142857
396.957142857
397.421428571
397.421428571
397.885714286
397.885714286
398.35
398.35
398.814285714
398.814285714
399.278571429
399.278571429
399.742857143
399.742857143
399.742857143
400.207142857
400.207142857
400.671428571
400.671428571
401.135714286
401.135714286
401.6
401.6
402.064285714
402.064285714
402.528571429
402.528571429
402.992857143
402.992857143
402.992857143
403.457142857
403.457142857
403.921428571
403.921428571
404.385714286
404.385714286
404.85
404.85
405.314285714
405.314285714
405.778571429
405.778571429
405.778571429
406.242857143
406.242857143
406.707142857
406.707142857
407.171428571
407.171428571
407.635714286
407.635714286
408.1
408.1
408.564285714
408.564285714
409.028571429
409.028571429
409.028571429
409.492857143
409.492857143
409.957142857
409.957142857
410.421428571
410.421428571
410.885714286
410.885714286
411.35
411.35
411.814285714
411.814285714
411.814285714
412.278571429
412.278571429
412.742857143
412.742857143
413.207142857
413.207142857
413.671428571
413.671428571
414.135714286
414.135714286
414.6
414.6
415.064285714
415.064285714
415.064285714
415.528571429
415.528571429
415.992857143
415.992857143
416.457142857
416.457142857
416.921428571
416.921428571
417.385714286
417.385714286
417.85
417.85
417.85
418.314285714
418.314285714
418.778571429
418.778571429
419.242857143
419.242857143
419.707142857
419.707142857
420.171428571
420.171428571
420.635714286
420.635714286
421.1
421.1
421.1
421.564285714
421.564285714
422.028571429
422.028571429
422.492857143
422.492857143
422.957142857
422.957142857
423.421428571
423.421428571
423.885714286
423.885714286
423.885714286
424.35
424.35
424.814285714
424.814285714
425.278571429
425.278571429
425.742857143
425.742857143
426.207142857
426.207142857
426.671428571
426.671428571
427.135714286
427.135714286
427.135714286
427.6
427.6
428.064285714
428.064285714
428.528571429
428.528571429
428.992857143
428.992857143
429.457142857
429.457142857
429.921428571
429.921428571
429.921428571
430.385714286
430.385714286
430.85
430.85
431.314285714
431.314285714
431.778571429
431.778571429
432.242857143
432.242857143
432.707142857
432.707142857
433.171428571
433.171428571
433.171428571
433.635714286
433.635714286
434.1
434.1
434.564285714
434.564285714
435.028571429
435.028571429
435.492857143
435.492857143
435.957142857
435.957142857
435.957142857
436.421428571
436.421428571
436.885714286
436.885714286
437.35
437.35
437.814285714
437.814285714
438.278571429
438.278571429
438.742857143
438.742857143
439.207142857
439.207142857
439.207142857
439.671428571
439.671428571
440.135714286
440.135714286
440.6
440.6
441.064285714
441.064285714
441.528571429
441.528571429
441.992857143
441.992857143
441.992857143
442.457142857
442.457142857
442.921428571
442.921428571
443.385714286
443.385714286
443.85
443.85
444.314285714
444.314285714
444.778571429
444.778571429
445.242857143
445.242857143
445.242857143
445.707142857
445.707142857
446.171428571
446.171428571
446.635714286
446.635714286
447.1
447.1
447.564285714
447.564285714
448.028571429
448.028571429
448.028571429
448.492857143
448.492857143
448.957142857
448.957142857
449.421428571
449.421428571
449.885714286
449.885714286
450.35
450.35
450.814285714
450.814285714
451.278571429
451.278571429
451.278571429
451.742857143
451.742857143
452.207142857
452.207142857
452.671428571
452.671428571
453.135714286
453.135714286
453.6
453.6
454.064285714
454.064285714
454.064285714
454.528571429
454.528571429
454.992857143
454.992857143
455.457142857
455.457142857
455.921428571
455.921428571
456.385714286
456.385714286
456.85
456.85
457.314285714
457.314285714
457.314285714
457.778571429
457.778571429
458.242857143
458.242857143
458.707142857
458.707142857
459.171428571
459.171428571
459.635714286
459.635714286
460.1
460.1
460.1
460.564285714
460.564285714
461.028571429
461.028571429
461.492857143
461.492857143
461.957142857
461.957142857
462.421428571
462.421428571
462.885714286
462.885714286
463.35
463.35
463.35
463.814285714
463.814285714
464.278571429
464.278571429
464.742857143
464.742857143
465.207142857
465.207142857
465.671428571
465.671428571
466.135714286
466.135714286
466.135714286
466.6
466.6
467.064285714
467.064285714
467.528571429
467.528571429
467.992857143
467.992857143
468.457142857
468.457142857
468.921428571
468.921428571
469.385714286
469.385714286
469.385714286
469.85
469.85
470.314285714
470.314285714
470.778571429
470.778571429
471.242857143
471.242857143
471.707142857
471.707142857
472.171428571
472.171428571
472.171428571
472.635714286
472.635714286
473.1
473.1
473.564285714
473.564285714
474.028571429
474.028571429
474.492857143
474.492857143
474.957142857
474.957142857
475.421428571
475.421428571
475.421428571
475.885714286
475.885714286
476.35
476.35
476.814285714
476.814285714
477.278571429
477.278571429
477.742857143
477.742857143
478.207142857
478.207142857
478.207142857
478.671428571
478.671428571
479.135714286
479.135714286
479.6
479.6
480.064285714
480.064285714
480.528571429
480.528571429
480.992857143
480.992857143
481.457142857
481.457142857
481.457142857
481.921428571
481.921428571
482.385714286
482.385714286
482.85
482.85
483.314285714
483.314285714
483.778571429
483.778571429
484.242857143
484.242857143
484.242857143
484.707142857
484.707142857
485.171428571
485.171428571
485.635714286
485.635714286
486.1
486.1
486.564285714
486.564285714
487.028571429
487.028571429
487.492857143
487.492857143
487.492857143
487.957142857
487.957142857
488.421428571
488.421428571
488.885714286
488.885714286
489.35
489.35
489.814285714
489.814285714
490.278571429
490.278571429
490.278571429
490.742857143
490.742857143
491.207142857
491.207142857
491.671428571
491.671428571
492.135714286
492.135714286
492.6
492.6
493.064285714
493.064285714
493.528571429
493.528571429
493.528571429
493.992857143
493.992857143
494.457142857
494.457142857
494.921428571
494.921428571
495.385714286
495.385714286
495.85
495.85
496.314285714
496.314285714
496.314285714
496.778571429
496.778571429
497.242857143
497.242857143
497.707142857
497.707142857
498.171428571
498.171428571
498.635714286
498.635714286
499.1
499.1
499.564285714
499.564285714
499.564285714
500.028571429
500.028571429
500.492857143
500.492857143
500.957142857
500.957142857
501.421428571
501.421428571
501.885714286
501.885714286
502.35
502.35
502.35
502.814285714
502.814285714
503.278571429
503.278571429
503.742857143
503.742857143
504.207142857
504.207142857
504.671428571
504.671428571
505.135714286
505.135714286
505.6
505.6
505.6
506.064285714
506.064285714
506.528571429
506.528571429
506.992857143
506.992857143
507.457142857
507.457142857
507.921428571
507.921428571
508.385714286
508.385714286
508.385714286
508.85
508.85
509.314285714
509.314285714
509.778571429
509.778571429
510.242857143
510.242857143
510.707142857
510.707142857
511.171428571
511.171428571
511.635714286
511.635714286
511.635714286
512.1
512.1
512.564285714
512.564285714
513.028571429
513.028571429
513.492857143
513.492857143
513.957142857
513.957142857
514.421428571
514.421428571
514.421428571
514.885714286
514.885714286
515.35
515.35
515.814285714
515.814285714
516.278571429
516.278571429
516.742857143
516.742857143
517.207142857
517.207142857
517.671428571
517.671428571
517.671428571
518.135714286
518.135714286
518.6
518.6
519.064285714
519.064285714
519.528571429
519.528571429
519.992857143
519.992857143
520.457142857
520.457142857
520.457142857
520.921428571
520.921428571
521.385714286
521.385714286
521.85
521.85
522.314285714
522.314285714
522.778571429
522.778571429
523.242857143
523.242857143
523.707142857
523.707142857
523.707142857
524.171428571
524.171428571
524.635714286
524.635714286
525.1
525.1
525.564285714
525.564285714
526.028571429
526.028571429
526.492857143
526.492857143
526.492857143
526.957142857
526.957142857
527.421428571
527.421428571
527.885714286
527.885714286
528.35
528.35
528.814285714
528.814285714
529.278571429
529.278571429
529.742857143
529.742857143
529.742857143
530.207142857
530.207142857
530.671428571
530.671428571
531.135714286
531.135714286
531.6
531.6
532.064285714
532.064285714
532.528571429
532.528571429
532.528571429
532.992857143
532.992857143
533.457142857
533.457142857
533.921428571
533.921428571
534.385714286
534.385714286
534.85
534.85
535.314285714
535.314285714
535.778571429
535.778571429
535.778571429
536.242857143
536.242857143
536.707142857
536.707142857
537.171428571
537.171428571
537.635714286
537.635714286
538.1
538.1
538.564285714
538.564285714
538.564285714
539.028571429
539.028571429
539.492857143
539.492857143
539.957142857
539.957142857
540.421428571
540.421428571
540.885714286
540.885714286
541.35
541.35
541.814285714
541.814285714
541.814285714
542.278571429
542.278571429
542.742857143
542.742857143
543.207142857
543.207142857
543.671428571
543.671428571
544.135714286
544.135714286
544.6
544.6
544.6
545.064285714
545.064285714
545.528571429
545.528571429
545.992857143
545.992857143
546.457142857
546.457142857
546.921428571
546.921428571
547.385714286
547.385714286
547.85
547.85
547.85
548.314285714
548.314285714
548.778571429
548.778571429
549.242857143
549.242857143
549.707142857
549.707142857
550.171428571
550.171428571
550.635714286
550.635714286
550.635714286
551.1
551.1
551.564285714
551.564285714
552.028571429
552.028571429
552.492857143
552.492857143
552.957142857
552.957142857
553.421428571
553.421428571
553.885714286
553.885714286
553.885714286
554.35
554.35
554.814285714
554.814285714
555.278571429
555.278571429
555.742857143
555.742857143
556.207142857
556.207142857
556.671428571
556.671428571
556.671428571
557.135714286
557.135714286
557.6
557.6
558.064285714
558.064285714
558.528571429
558.528571429
558.992857143
558.992857143
559.457142857
559.457142857
559.921428571
559.921428571
559.921428571
560.385714286
560.385714286
560.85
560.85
561.314285714
561.314285714
561.778571429
561.778571429
562.242857143
562.242857143
562.707142857
562.707142857
562.707142857
563.171428571
563.171428571
563.635714286
563.635714286
564.1
564.1
564.564285714
564.564285714
565.028571429
565.028571429
565.492857143
565.492857143
565.957142857
565.957142857
565.957142857
566.421428571
566.421428571
566.885714286
566.885714286
567.35
567.35
567.814285714
567.814285714
568.278571429
568.278571429
568.742857143
568.742857143
568.742857143
569.207142857
569.207142857
569.671428571
569.671428571
570.135714286
570.135714286
570.6
570.6
571.064285714
571.064285714
571.528571429
571.528571429
571.992857143
571.992857143
571.992857143
572.457142857
572.457142857
572.921428571
572.921428571
573.385714286
573.385714286
573.85
573.85
574.314285714
574.314285714
574.778571429
574.778571429
574.778571429
575.242857143
575.242857143
575.707142857
575.707142857
576.171428571
576.171428571
576.635714286
576.635714286
577.1
577.1
577.564285714
577.564285714
578.028571429
578.028571429
578.028571429
578.492857143
578.492857143
578.957142857
578.957142857
579.421428571
579.421428571
579.885714286
579.885714286
580.35
580.35
580.814285714
580.814285714
580.814285714
581.278571429
581.278571429
581.742857143
581.742857143
582.207142857
582.207142857
582.671428571
582.671428571
583.135714286
583.135714286
583.6
583.6
584.064285714
584.064285714
584.064285714
584.528571429
584.528571429
584.992857143
584.992857143
585.457142857
585.457142857
585.921428571
585.921428571
586.385714286
586.385714286
586.85
586.85
586.85
587.314285714
587.314285714
587.778571429
587.778571429
588.242857143
588.242857143
588.707142857
588.707142857
589.171428571
589.171428571
589.635714286
589.635714286
590.1
590.1
590.1
590.564285714
590.564285714
591.028571429
591.028571429
591.492857143
591.492857143
591.957142857
591.957142857
592.421428571
592.421428571
592.885714286
592.885714286
592.885714286
593.35
593.35
593.814285714
593.814285714
594.278571429
594.278571429
594.742857143
594.742857143
595.207142857
595.207142857
595.671428571
595.671428571
596.135714286
596.135714286
596.135714286
596.6
596.6
597.064285714
597.064285714
597.528571429
597.528571429
597.992857143
597.992857143
598.457142857
598.457142857
598.921428571
598.921428571
598.921428571
599.385714286
599.385714286
599.85
599.85
600.314285714
600.314285714
600.778571429
600.778571429
601.242857143
601.242857143
601.707142857
601.707142857
602.171428571
602.171428571
602.171428571
602.635714286
602.635714286
603.1
603.1
603.564285714
603.564285714
604.028571429
604.028571429
604.492857143
604.492857143
604.957142857
604.957142857
604.957142857
605.421428571
605.421428571
605.885714286
605.885714286
606.35
606.35
606.814285714
606.814285714
607.278571429
607.278571429
607.742857143
607.742857143
608.207142857
608.207142857
608.207142857
608.671428571
608.671428571
609.135714286
609.135714286
609.6
609.6
610.064285714
610.064285714
610.528571429
610.528571429
610.992857143
610.992857143
610.992857143
611.457142857
611.457142857
611.921428571
611.921428571
612.385714286
612.385714286
612.85
612.85
613.314285714
613.314285714
613.778571429
613.778571429
614.242857143
614.242857143
614.242857143
614.707142857
614.707142857
615.171428571
615.171428571
615.635714286
615.635714286
616.1
616.1
616.564285714
616.564285714
617.028571429
617.028571429
617.028571429
617.492857143
617.492857143
617.957142857
617.957142857
618.421428571
618.421428571
618.885714286
618.885714286
619.35
619.35
619.814285714
619.814285714
620.278571429
620.278571429
620.278571429
620.742857143
620.742857143
621.207142857
621.207142857
621.671428571
621.671428571
622.135714286
622.135714286
622.6
622.6
623.064285714
623.064285714
623.064285714
623.528571429
623.528571429
623.992857143
623.992857143
624.457142857
624.457142857
624.921428571
624.921428571
625.385714286
625.385714286
625.85
625.85
626.314285714
626.314285714
626.314285714
626.778571429
626.778571429
627.242857143
627.242857143
627.707142857
627.707142857
interpolatedY
0.027268
0.027268
0.027268
0.027268
0.027268
0.027268
0.027268
0.027268
0.027268
0.027268
0.027268
0.027268
0.027268
0.027268
0.027268
0.027268
0.027268
0.027268
0.027268
0.027268
0.027268
0.027268
0.027268
0.027268
0.027268
0.027268
0.027268
0.027268
0.027268
0.027268
0.027268
0.027268
0.027268
0.027268
0.027268
0.027268
0.027268
0.027268
0.027268
0.027268
0.027268
0.027268
0.027268
0.027268
0.027268
0.027268
0.027268
0.027268
0.027268
0.027268
0.027268
0.027268
0.027268
0.027268
0.027268
0.027268
0.027268
0.027268
0.027268
0.027268
0.027268
0.027268
0.027268
0.027268
0.027268
0.027268
0.027268
0.027268
0.027268
0.027268
0.027268
0.027268
0.027268
0.027268
0.027268
0.027268
0.027268
0.027268
0.027268
0.027268
0.027268
0.027268
0.027268
0.027268
0.027268
0.027268
0.027268
0.027268
0.027268
0.027268
0.027268
0.027268
0.027268
0.027268
0.027268
0.027268
0.027268
0.027268
0.027268
0.027268
0.027268
0.027268
0.027268
0.027268
0.027268
0.027268
0.027268
0.027268
0.027268
0.027268
0.027268
0.027268
0.027268
0.027268
0.027268
0.027268
0.027268
0.027268
0.027268
0.027268
0.027268
0.027268
0.027268
0.027268
0.027268
0.027268
0.027268
0.027268
0.027268
0.027268
0.027268
0.027268
0.027268
0.027268
0.027268
0.027268
0.027268
0.027268
0.027268
0.027268
0.027268
0.027268
0.027268
0.027268
0.027268
0.027268
0.027268
0.027268
0.027268
0.027268
0.027268
0.027268
0.027268
0.027268
0.027268
0.027268
0.027268
0.027268
0.027268
0.027268
0.027268
0.027268
0.027268
0.027268
0.027268
0.027268
0.027268
0.027268
0.027268
0.027268
0.027268
0.027268
0.027268
0.027268
0.027268
0.027268
0.027268
0.027268
0.027268
0.027268
0.027268
0.027268
0.027268
0.027268
0.027268
0.027268
0.027268
0.027268
0.027268
0.027268
0.027268
0.027268
0.027268
0.027268
0.027268
0.027268
0.027268
0.027268
0.027268
0.027268
0.027268
0.027268
0.027268
0.027268
0.027268
0.027268
0.027268
0.027268
0.027268
0.027268
0.027268
0.027268
0.027268
0.027268
0.027268
0.027268
0.027268
0.027268
0.027268
0.027268
0.027268
0.027268
0.027268
0.027268
0.027268
0.027268
0.027268
0.027268
0.027268
0.027268
0.027268
0.027268
0.027268
0.027268
0.027268
0.027268
0.027268
0.027268
0.027268
0.027268
0.027268
0.027268
0.027268
0.027268
0.027268
0.027268
0.027268
0.027268
0.027268
0.027268
0.027268
0.027268
0.027268
0.027268
0.027268
0.027268
0.027268
0.027268
0.027268
0.027268
0.027268
0.027268
0.027268
0.027268
0.027268
0.027268
0.027268
0.027268
0.027268
0.027268
-1.0
-1.0
-1.0
-1.0
-1.0
-1.0
-1.0
-1.0
-1.0
-1.0
-1.0
-1.0
-1.0
-1.0
-1.0
-1.0
-1.0
-1.0
-1.0
-1.0
-1.0
-1.0
-1.0
-1.0
-1.0
-1.0
-1.0
-1.0
-1.0
-1.0
-1.0
-1.0
-1.0
-1.0
-1.0
-1.0
-1.0
-1.0
-1.0
-1.0
-1.0
-1.0
-1.0
-1.0
-1.0
-1.0
-1.0
-1.0
-1.0
-1.0
-1.0
-1.0
-1.0
-1.0
-1.0
-1.0
-1.0
-1.0
-1.0
-1.0
-1.0
-1.0
-1.0
-1.0
-1.0
-1.0
-1.0
-1.0
-1.0
-1.0
-1.0
-1.0
-1.0
-1.0
-1.0
-1.0
-1.0
-1.0
-1.0
-1.0
-1.0
-1.0
-1.0
-1.0
-1.0
-1.0
-1.0
-1.0
-1.0
-1.0
-1.0
-1.0
-1.0
-1.0
-1.0
-1.0
-1.0
-1.0
-1.0
-1.0
-1.0
-1.0
-1.0
-1.0
-1.0
-1.0
-1.0
-1.0
-1.0
-1.0
-1.0
-1.0
-1.0
-1.0
-1.0
-1.0
-1.0
-1.0
-1.0
-1.0
-1.0
-1.0
-1.0
-1.0
-1.0
-1.0
-1.0
-1.0
-1.0
-1.0
-1.0
-1.0
-1.0
-1.0
-1.0
-1.0
-1.0
-1.0
-1.0
-1.0
-1.0
-1.0
-1.0
-1.0
-1.0
-1.0
-1.0
-1.0
-1.0
-1.0
-1.0
-1.0
-1.0
-1.0
-1.0
-1.0
-1.0
-1.0
-1.0
-1.0
-1.0
-1.0
-1.0
-1.0
-1.0
-1.0
-1.0
-1.0
-1.0
-1.0
-1.0
-1.0
-1.0
-1.0
-1.0
-1.0
-1.0
-1.0
-1.0
-1.0
-1.0
-1.0
-1.0
-1.0
-1.0
-1.0
-1.0
-1.0
-1.0
-1.0
-1.0
-1.0
-1.0
-1.0
-1.0
-1.0
-1.0
-1.0
-1.0
-1.0
-1.0
-1.0
-1.0
-1.0
-1.0
-1.0
-1.0
-1.0
-1.0
-1.0
-1.0
-1.0
-1.0
-1.0
-1.0
-1.0
-1.0
-1.0
-1.0
-1.0
-1.0
-1.0
-1.0
-1.0
-1.0
-1.0
-1.0
-1.0
-1.0
-1.0
-1.0
-1.0
-1.0
-1.0
-1.0
-1.0
-1.0
-1.0
-1.0
-1.0
-1.0
-1.0
-1.0
-1.0
-1.0
-1.0
-1.0
-1.0
-1.0
-1.0
-1.0
-1.0
-1.0
-1.0
-1.0
-1.0
-1.0
-1.0
-1.0
-1.0
-1.0
-1.0
-1.0
-1.0
-1.0
-1.0
-1.0
-1.0
-1.0
-1.0
-1.0
-1.0
-1.0
-1.0
-1.0
-1.0
-1.0
-1.0
-1.0
-1.0
-1.0
-1.0
-1.0
-1.0
-1.0
-1.0
-1.0
-1.0
-1.0
-1.0
-1.0
-1.0
-1.0
-1.0
-1.0
-1.0
-1.0
-1.0
-1.0
-1.0
-1.0
-1.0
-1.0
-1.0
-1.0
-1.0
-1.0
-1.0
-1.0
-1.0
-1.0
-1.0
-1.0
-1.0
-1.0
-1.0
-1.0
-1.0
-1.0
-1.0
-1.0
-1.0
-1.0
-1.0
-1.0
-1.0
-1.0
-1.0
-1.0
-1.0
-1.0
-1.0
-1.0
-1.0
-1.0
-1.0
-1.0
-1.0
-1.0
-1.0
-1.0
-1.0
-1.0
-1.0
-1.0
-1.0
-1.0
-1.0
-1.0
-1.0
-1.0
-1.0
-1.0
-1.0
-1.0
-1.0
-1.0
-1.0
-1.0
-1.0
-1.0
-1.0
-1.0
-1.0
-1.0
-1.0
-1.0
-1.0
-1.0
-1.0
-1.0
-1.0
-1.0
-1.0
-1.0
-1.0
-1.0
-1.0
-1.0
-1.0
-1.0
-1.0
-1.0
-1.0
-1.0
-1.0
-1.0
-1.0
-1.0
-1.0
-1.0
-1.0
-1.0
-1.0
-1.0
-1.0
-1.0
-1.0
-1.0
-1.0
-1.0
-1.0
-1.0
-1.0
-1.0
-1.0
-1.0
-1.0
-1.0
-1.0
-1.0
-1.0
-1.0
-1.0
-1.0
-1.0
-1.0
-1.0
-1.0
-1.0
-1.0
-1.0
-1.0
-1.0
-1.0
-1.0
-1.0
-1.0
-1.0
-1.0
-1.0
-1.0
-1.0
-1.0
-1.0
-1.0
-1.0
-1.0
-1.0
-1.0
-1.0
-1.0
-1.0
-1.0
-1.0
-1.0
-1.0
-1.0
-1.0
-1.0
-1.0
-1.0
-1.0
-1.0
-1.0
-1.0
-1.0
-1.0
-1.0
-1.0
-1.0
-1.0
-1.0
-1.0
-1.0
-1.0
-1.0
-1.0
-1.0
-1.0
-1.0
-1.0
-1.0
-1.0
-1.0
-1.0
-1.0
-1.0
-1.0
-1.0
-1.0
-1.0
-1.0
-1.0
-1.0
-1.0
-1.0
-1.0
-1.0
-1.0
-1.0
-1.0
-1.0
-1.0
-1.0
-1.0
-1.0
-1.0
-1.0
-1.0
-1.0
-1.0
-1.0
-1.0
-1.0
-1.0
-1.0
-1.0
-1.0
-1.0
-1.0
-1.0
-1.0
-1.0
-1.0
-1.0
-1.0
-1.0
-1.0
-1.0
-1.0
-1.0
-1.0
-1.0
-1.0
-1.0
-1.0
-1.0
-1.0
-1.0
-1.0
-1.0
-1.0
-1.0
-1.0
-1.0
-1.0
-1.0
-1.0
-1.0
-1.0
-1.0
-1.0
-1.0
-1.0
-1.0
-1.0
-1.0
-1.0
-1.0
-1.0
-1.0
-1.0
-1.0
-1.0
-1.0
-1.0
-1.0
-1.0
-1.0
-1.0
-1.0
-1.0
-1.0
-1.0
-1.0
-1.0
-1.0
-1.0
-1.0
-1.0
-1.0
-1.0
-1.0
-1.0
-1.0
-1.0
-1.0
-1.0
-1.0
-1.0
-1.0
-1.0
-1.0
-1.0
-1.0
-1.0
-1.0
-1.0
-1.0
-1.0
-1.0
-1.0
-1.0
-1.0
-1.0
-1.0
-1.0
-1.0
-1.0
-1.0
-1.0
-1.0
-1.0
-1.0
-1.0
-1.0
-1.0
-1.0
-1.0
-1.0
-1.0
-1.0
-1.0
-1.0
-1.0
-1.0
-1.0
-1.0
-1.0
-1.0
-1.0
-1.0
-1.0
-1.0
-1.0
-1.0
-1.0
-1.0
-1.0
-1.0
-1.0
-1.0
-1.0
-1.0
-1.0
-1.0
-1.0
-1.0
-1.0
-1.0
-1.0
-1.0
-1.0
-1.0
-1.0
-1.0
-1.0
-1.0
-1.0
-1.0
-1.0
-1.0
-1.0
-1.0
-1.0
-1.0
-1.0
-1.0
-1.0
-1.0
-1.0
-1.0
-1.0
-1.0
-1.0
-1.0
-1.0
-1.0
-1.0
-1.0
-1.0
-1.0
-1.0
-1.0
-1.0
-1.0
-1.0
-1.0
-1.0
-1.0
-1.0
-1.0
-1.0
-1.0
-1.0
-1.0
-1.0
-1.0
-1.0
-1.0
-1.0
-1.0
-1.0
-1.0
-1.0
-1.0
-1.0
-1.0
-1.0
-1.0
-1.0
-1.0
-1.0
-1.0
-1.0
-1.0
-1.0
-1.0
-1.0
-1.0
-1.0
-1.0
-1.0
-1.0
-1.0
-1.0
-1.0
-1.0
-1.0
-1.0
-1.0
-1.0
-1.0
-1.0
-1.0
-1.0
-1.0
-1.0
-1.0
-1.0
-1.0
-1.0
-1.0
-1.0
-1.0
-1.0
-1.0
-1.0
-1.0
-1.0
-1.0
-1.0
-1.0
-1.0
-1.0
-1.0
-1.0
-1.0
-1.0
-1.0
-1.0
-1.0
-1.0
-1.0
-1.0
-1.0
-1.0
-1.0
-1.0
-1.0
-1.0
-1.0
-1.0
-1.0
-1.0
-1.0
-1.0
-1.0
-1.0
-1.0
-1.0
-1.0
-1.0
-1.0
-1.0
-1.0
-1.0
-1.0
-1.0
-1.0
-1.0
-1.0
-1.0
-1.0
-1.0
-1.0
-1.0
-1.0
-1.0
-1.0
-1.0
-1.0
-1.0
-1.0
-1.0
-1.0
-1.0
-1.0
-1.0
-1.0
-1.0
-1.0
-1.0
-1.0
-1.0
-1.0
-1.0
-1.0
-1.0
-1.0
-1.0
-1.0
-1.0
-1.0
-1.0
-1.0
-1.0
-1.0
-1.0
-1.0
-1.0
-1.0
-1.0
-1.0
-1.0
-1.0
-1.0
-1.0
-1.0
-1.0
-1.0
-1.0
-1.0
-1.0
-1.0
-1.0
-1.0
-1.0
-1.0
-1.0
-1.0
-1.0
-1.0
-1.0
-1.0
-1.0
-1.0
-1.0
-1.0
-1.0
-1.0
-1.0
-1.0
-1.0
-1.0
-1.0
-1.0
-1.0
-1.0
-1.0
-1.0
-1.0
-1.0
-1.0
-1.0
-1.0
-1.0
-1.0
-1.0
-1.0
-1.0
-1.0
-1.0
-1.0
-1.0
-1.0
-1.0
-1.0
-1.0
-1.0
-1.0
-1.0
-1.0
-1.0
-1.0
-1.0
-1.0
-1.0
-1.0
-1.0
-1.0
-1.0
-1.0
-1.0
-1.0
-1.0
-1.0
-1.0
-1.0
-1.0
-1.0
-1.0
-1.0
-1.0
-1.0
-1.0
-1.0
-1.0
-1.0
-1.0
-1.0
-1.0
-1.0
-1.0
-1.0
-1.0
-1.0
-1.0
-1.0
-1.0
-1.0
-1.0
-1.0
-1.0
-1.0
-1.0
-1.0
-1.0
-1.0
-1.0
-1.0
-1.0
-1.0
-1.0
-1.0
-1.0
-1.0
-1.0
-1.0
-1.0
-1.0
-1.0
-1.0
-1.0
-1.0
-1.0
-1.0
-1.0
-1.0
-1.0
-1.0
-1.0
-1.0
-1.0
-1.0
-1.0
-1.0
-1.0
-1.0
-1.0
-1.0
-1.0
-1.0
-1.0
-1.0
-1.0
-1.0
-1.0
-1.0
-1.0
-1.0
-1.0
-1.0
-1.0
-1.0
-1.0
-1.0
-1.0
-1.0
-1.0
-1.0
-1.0
-1.0
-1.0
-1.0
-1.0
-1.0
-1.0
-1.0
-1.0
-1.0
-1.0
-1.0
-1.0
-1.0
-1.0
-1.0
-1.0
-1.0
-1.0
-1.0
-1.0
-1.0
-1.0
-1.0
-1.0
-1.0
-1.0
-1.0
-1.0
-1.0
-1.0
-1.0
-1.0
-1.0
-1.0
-1.0
-1.0
-1.0
-1.0
-1.0
-1.0
-1.0
-1.0
-1.0
-1.0
-1.0
-1.0
-1.0
-1.0
-1.0
-1.0
-1.0
-1.0
-1.0
-1.0
-1.0
-1.0
-1.0
-1.0
-1.0
-1.0
-1.0
-1.0
-1.0
-1.0
-1.0
-1.0
-1.0
-1.0
-1.0
-1.0
-1.0
-1.0
-1.0
-1.0
-1.0
-1.0
-1.0
-1.0
-1.0
-1.0
-1.0
-1.0
-1.0
-1.0
-1.0
-1.0
-1.0
-1.0
-1.0
-1.0
-1.0
-1.0
-1.0
-1.0
-1.0
-1.0
-1.0
-1.0
-1.0
-1.0
-1.0
-1.0
-1.0
-1.0
-1.0
-1.0
-1.0
-1.0
-1.0
-1.0
-1.0
-1.0
-1.0
-1.0
-1.0
-1.0
-1.0
-1.0
-1.0
-1.0
-1.0
-1.0
-1.0
-1.0
-1.0
-1.0
-1.0
-1.0
-1.0
-1.0
-1.0
-1.0
-1.0
-1.0
-1.0
-1.0
-1.0
-1.0
-1.0
-1.0
-1.0
-1.0
-1.0
-1.0
-1.0
-1.0
-1.0
-1.0
-1.0
-1.0
-1.0
-1.0
-1.0
-1.0
-1.0
-1.0
-1.0
-1.0
-1.0
-1.0
-1.0
-1.0
-1.0
-1.0
-1.0
-1.0
-1.0
-1.0
-1.0
-1.0
-1.0
-1.0
-1.0
-1.0
-1.0
-1.0
-1.0
-1.0
-1.0
-1.0
-1.0
-1.0
-1.0
-1.0
-1.0
-1.0
-1.0
-1.0
-1.0
-1.0
-1.0
-1.0
-1.0
-1.0
-1.0
-1.0
-1.0
-1.0
-1.0
-1.0
-1.0
-1.0
-1.0
-1.0
-1.0
-1.0
-1.0
-1.0
-1.0
-1.0
-1.0
-1.0
-1.0
-1.0
-1.0
-1.0
-1.0
-1.0
-1.0
-1.0
-1.0
-1.0
-1.0
-1.0
-1.0
-1.0
-1.0
-1.0
-1.0
-1.0
-1.0
-1.0
-1.0
-1.0
-1.0
-1.0
-1.0
-1.0
-1.0
-1.0
-1.0
-1.0
-1.0
-1.0
-1.0
-1.0
-1.0
-1.0
-1.0
-1.0
-1.0
-1.0
-1.0
-1.0
-1.0
-1.0
-1.0
-1.0
-1.0
-1.0
-1.0
-1.0
-1.0
-1.0
-1.0
-1.0
-1.0
-1.0
-1.0
-1.0
-1.0
-1.0
-1.0
-1.0
-1.0
-1.0
-1.0
-1.0
-1.0
-1.0
-1.0
-1.0
-1.0
-1.0
-1.0
-1.0
-1.0
-1.0
-1.0
-1.0
-1.0
-1.0
-1.0
-1.0
-1.0
-1.0
-1.0
-1.0
-1.0
-1.0
-1.0
-1.0
-1.0
-1.0
-1.0
-1.0
-1.0
-1.0
-1.0
-1.0
-1.0
-1.0
-1.0
-1.0
-1.0
-1.0
-1.0
-1.0
-1.0
-1.0
-1.0
-1.0
-1.0
-1.0
-1.0
-1.0
-1.0
-1.0
-1.0
-1.0
-1.0
-1.0
-1.0
-1.0
-1.0
-1.0
-1.0
